"BehaviorSpace results (NetLogo 6.3.0)"
"PSO_NL_Template.nlogo"
"population-size-f2-c2-penalty"
"12/31/2022 00:20:52:810 +0100"
"min-pxcor","max-pxcor","min-pycor","max-pycor"
"-100","100","-100","100"
"[run number]","trails-mode","particle-inertia","path-to-load","swarm-confidence","highlight-mode","penalty","constraint_handling_method","Constraint","fitness_function","Constraints","path-to-save","population-size","personal-confidence","particle-speed-limit","[step]","global-best-val","iterations"
"3","None","0.5","filename.txt","1","Best found","0.5","Penalty Method","Constraint 2","F2 Schwefel Function","true","filename.txt","2","1","10","600","0.42888827482744896","600"
"1","None","0.5","filename.txt","1","Best found","0.5","Penalty Method","Constraint 2","F2 Schwefel Function","true","filename.txt","2","1","10","600","0.3440115667367948","600"
"8","None","0.5","filename.txt","1","Best found","0.5","Penalty Method","Constraint 2","F2 Schwefel Function","true","filename.txt","2","1","10","600","0.3325808784209026","600"
"5","None","0.5","filename.txt","1","Best found","0.5","Penalty Method","Constraint 2","F2 Schwefel Function","true","filename.txt","2","1","10","600","0.39572221421811615","600"
"4","None","0.5","filename.txt","1","Best found","0.5","Penalty Method","Constraint 2","F2 Schwefel Function","true","filename.txt","2","1","10","600","0.42590299785253377","600"
"7","None","0.5","filename.txt","1","Best found","0.5","Penalty Method","Constraint 2","F2 Schwefel Function","true","filename.txt","2","1","10","600","0.4016916376203482","600"
"6","None","0.5","filename.txt","1","Best found","0.5","Penalty Method","Constraint 2","F2 Schwefel Function","true","filename.txt","2","1","10","600","0.416515559369856","600"
"2","None","0.5","filename.txt","1","Best found","0.5","Penalty Method","Constraint 2","F2 Schwefel Function","true","filename.txt","2","1","10","600","0.3409524968489275","600"
"10","None","0.5","filename.txt","1","Best found","0.5","Penalty Method","Constraint 2","F2 Schwefel Function","true","filename.txt","2","1","10","600","0.3440115667367948","600"
"9","None","0.5","filename.txt","1","Best found","0.5","Penalty Method","Constraint 2","F2 Schwefel Function","true","filename.txt","2","1","10","600","0.31684518251937455","600"
"11","None","0.5","filename.txt","1","Best found","0.5","Penalty Method","Constraint 2","F2 Schwefel Function","true","filename.txt","2","1","10","600","0.38810804748253286","600"
"12","None","0.5","filename.txt","1","Best found","0.5","Penalty Method","Constraint 2","F2 Schwefel Function","true","filename.txt","2","1","10","600","0.22228931005528246","600"
"15","None","0.5","filename.txt","1","Best found","0.5","Penalty Method","Constraint 2","F2 Schwefel Function","true","filename.txt","2","1","10","600","0.405438037188521","600"
"16","None","0.5","filename.txt","1","Best found","0.5","Penalty Method","Constraint 2","F2 Schwefel Function","true","filename.txt","2","1","10","600","0.4024110332360824","600"
"13","None","0.5","filename.txt","1","Best found","0.5","Penalty Method","Constraint 2","F2 Schwefel Function","true","filename.txt","2","1","10","600","0.29465211924650164","600"
"14","None","0.5","filename.txt","1","Best found","0.5","Penalty Method","Constraint 2","F2 Schwefel Function","true","filename.txt","2","1","10","600","0.3834564243425011","600"
"17","None","0.5","filename.txt","1","Best found","0.5","Penalty Method","Constraint 2","F2 Schwefel Function","true","filename.txt","2","1","10","600","0.49949604594188285","600"
"21","None","0.5","filename.txt","1","Best found","0.5","Penalty Method","Constraint 2","F2 Schwefel Function","true","filename.txt","2","1","10","600","0.4941582965300868","600"
"22","None","0.5","filename.txt","1","Best found","0.5","Penalty Method","Constraint 2","F2 Schwefel Function","true","filename.txt","2","1","10","600","0.4443424361336924","600"
"24","None","0.5","filename.txt","1","Best found","0.5","Penalty Method","Constraint 2","F2 Schwefel Function","true","filename.txt","2","1","10","600","0.37590050814077686","600"
"23","None","0.5","filename.txt","1","Best found","0.5","Penalty Method","Constraint 2","F2 Schwefel Function","true","filename.txt","2","1","10","600","0.4852583493450152","600"
"20","None","0.5","filename.txt","1","Best found","0.5","Penalty Method","Constraint 2","F2 Schwefel Function","true","filename.txt","2","1","10","600","0.42610632854250696","600"
"18","None","0.5","filename.txt","1","Best found","0.5","Penalty Method","Constraint 2","F2 Schwefel Function","true","filename.txt","2","1","10","600","0.303126528471639","600"
"19","None","0.5","filename.txt","1","Best found","0.5","Penalty Method","Constraint 2","F2 Schwefel Function","true","filename.txt","2","1","10","600","0.389737669335946","600"
"25","None","0.5","filename.txt","1","Best found","0.5","Penalty Method","Constraint 2","F2 Schwefel Function","true","filename.txt","2","1","10","600","0.3712902989885878","600"
"28","None","0.5","filename.txt","1","Best found","0.5","Penalty Method","Constraint 2","F2 Schwefel Function","true","filename.txt","2","1","10","600","0.4524089994849182","600"
"29","None","0.5","filename.txt","1","Best found","0.5","Penalty Method","Constraint 2","F2 Schwefel Function","true","filename.txt","2","1","10","600","0.4889473273891953","600"
"26","None","0.5","filename.txt","1","Best found","0.5","Penalty Method","Constraint 2","F2 Schwefel Function","true","filename.txt","2","1","10","600","0.4567117859387977","600"
"27","None","0.5","filename.txt","1","Best found","0.5","Penalty Method","Constraint 2","F2 Schwefel Function","true","filename.txt","2","1","10","600","0.39287130473879767","600"
"32","None","0.5","filename.txt","1","Best found","0.5","Penalty Method","Constraint 2","F2 Schwefel Function","true","filename.txt","2","1","10","600","0.3356007851206403","600"
"30","None","0.5","filename.txt","1","Best found","0.5","Penalty Method","Constraint 2","F2 Schwefel Function","true","filename.txt","2","1","10","600","0.4016916376203482","600"
"31","None","0.5","filename.txt","1","Best found","0.5","Penalty Method","Constraint 2","F2 Schwefel Function","true","filename.txt","2","1","10","600","0.35689954360176046","600"
"33","None","0.5","filename.txt","1","Best found","0.5","Penalty Method","Constraint 2","F2 Schwefel Function","true","filename.txt","2","1","10","600","0.2296490052849451","600"
"36","None","0.5","filename.txt","1","Best found","0.5","Penalty Method","Constraint 2","F2 Schwefel Function","true","filename.txt","2","1","10","600","0.47635903203336305","600"
"34","None","0.5","filename.txt","1","Best found","0.5","Penalty Method","Constraint 2","F2 Schwefel Function","true","filename.txt","2","1","10","600","0.3794636104602514","600"
"41","None","0.5","filename.txt","1","Best found","0.5","Penalty Method","Constraint 2","F2 Schwefel Function","true","filename.txt","2","1","10","600","0.45535267496343534","600"
"38","None","0.5","filename.txt","1","Best found","0.5","Penalty Method","Constraint 2","F2 Schwefel Function","true","filename.txt","2","1","10","600","0.38318893698885476","600"
"37","None","0.5","filename.txt","1","Best found","0.5","Penalty Method","Constraint 2","F2 Schwefel Function","true","filename.txt","2","1","10","600","0.48531039639144585","600"
"35","None","0.5","filename.txt","1","Best found","0.5","Penalty Method","Constraint 2","F2 Schwefel Function","true","filename.txt","2","1","10","600","0.4380966312834183","600"
"40","None","0.5","filename.txt","1","Best found","0.5","Penalty Method","Constraint 2","F2 Schwefel Function","true","filename.txt","2","1","10","600","0.32210962805923765","600"
"39","None","0.5","filename.txt","1","Best found","0.5","Penalty Method","Constraint 2","F2 Schwefel Function","true","filename.txt","2","1","10","600","0.3089298489747078","600"
"44","None","0.5","filename.txt","1","Best found","0.5","Penalty Method","Constraint 2","F2 Schwefel Function","true","filename.txt","2","1","10","600","0.29692346956742477","600"
"45","None","0.5","filename.txt","1","Best found","0.5","Penalty Method","Constraint 2","F2 Schwefel Function","true","filename.txt","2","1","10","600","0.31489850731701596","600"
"43","None","0.5","filename.txt","1","Best found","0.5","Penalty Method","Constraint 2","F2 Schwefel Function","true","filename.txt","2","1","10","600","0.3870387870852371","600"
"46","None","0.5","filename.txt","1","Best found","0.5","Penalty Method","Constraint 2","F2 Schwefel Function","true","filename.txt","2","1","10","600","0.3794636104602514","600"
"47","None","0.5","filename.txt","1","Best found","0.5","Penalty Method","Constraint 2","F2 Schwefel Function","true","filename.txt","2","1","10","600","0.4598780439665585","600"
"42","None","0.5","filename.txt","1","Best found","0.5","Penalty Method","Constraint 2","F2 Schwefel Function","true","filename.txt","2","1","10","600","0.37881830136642447","600"
"49","None","0.5","filename.txt","1","Best found","0.5","Penalty Method","Constraint 2","F2 Schwefel Function","true","filename.txt","2","1","10","600","0.35826989191717157","600"
"48","None","0.5","filename.txt","1","Best found","0.5","Penalty Method","Constraint 2","F2 Schwefel Function","true","filename.txt","2","1","10","600","0.36028667542430676","600"
"50","None","0.5","filename.txt","1","Best found","0.5","Penalty Method","Constraint 2","F2 Schwefel Function","true","filename.txt","2","1","10","600","0.42673854800444666","600"
"51","None","0.5","filename.txt","1","Best found","0.5","Penalty Method","Constraint 2","F2 Schwefel Function","true","filename.txt","2","1","10","600","0.4950880464610951","600"
"52","None","0.5","filename.txt","1","Best found","0.5","Penalty Method","Constraint 2","F2 Schwefel Function","true","filename.txt","2","1","10","600","0.3988422095818774","600"
"55","None","0.5","filename.txt","1","Best found","0.5","Penalty Method","Constraint 2","F2 Schwefel Function","true","filename.txt","2","1","10","600","0.3544105688815952","600"
"54","None","0.5","filename.txt","1","Best found","0.5","Penalty Method","Constraint 2","F2 Schwefel Function","true","filename.txt","2","1","10","600","0.4199691593702984","600"
"56","None","0.5","filename.txt","1","Best found","0.5","Penalty Method","Constraint 2","F2 Schwefel Function","true","filename.txt","2","1","10","600","0.41271108362322323","600"
"57","None","0.5","filename.txt","1","Best found","0.5","Penalty Method","Constraint 2","F2 Schwefel Function","true","filename.txt","2","1","10","600","0.48306721364420563","600"
"53","None","0.5","filename.txt","1","Best found","0.5","Penalty Method","Constraint 2","F2 Schwefel Function","true","filename.txt","2","1","10","600","0.42654305601073933","600"
"58","None","0.5","filename.txt","1","Best found","0.5","Penalty Method","Constraint 2","F2 Schwefel Function","true","filename.txt","2","1","10","600","0.4395347713483723","600"
"59","None","0.5","filename.txt","1","Best found","0.5","Penalty Method","Constraint 2","F2 Schwefel Function","true","filename.txt","2","1","10","600","0.40691386052331197","600"
"60","None","0.5","filename.txt","1","Best found","0.5","Penalty Method","Constraint 2","F2 Schwefel Function","true","filename.txt","2","1","10","600","0.4680621734409424","600"
"61","None","0.5","filename.txt","1","Best found","0.5","Penalty Method","Constraint 2","F2 Schwefel Function","true","filename.txt","2","1","10","600","0.4586771342640099","600"
"64","None","0.5","filename.txt","1","Best found","0.5","Penalty Method","Constraint 2","F2 Schwefel Function","true","filename.txt","2","1","10","600","0.4037202182859941","600"
"63","None","0.5","filename.txt","1","Best found","0.5","Penalty Method","Constraint 2","F2 Schwefel Function","true","filename.txt","2","1","10","600","0.36553988598438525","600"
"62","None","0.5","filename.txt","1","Best found","0.5","Penalty Method","Constraint 2","F2 Schwefel Function","true","filename.txt","2","1","10","600","0.48802790547548736","600"
"65","None","0.5","filename.txt","1","Best found","0.5","Penalty Method","Constraint 2","F2 Schwefel Function","true","filename.txt","2","1","10","600","0.1437475471149281","600"
"66","None","0.5","filename.txt","1","Best found","0.5","Penalty Method","Constraint 2","F2 Schwefel Function","true","filename.txt","2","1","10","600","0.4205529159509723","600"
"67","None","0.5","filename.txt","1","Best found","0.5","Penalty Method","Constraint 2","F2 Schwefel Function","true","filename.txt","2","1","10","600","0.4992553702770012","600"
"68","None","0.5","filename.txt","1","Best found","0.5","Penalty Method","Constraint 2","F2 Schwefel Function","true","filename.txt","2","1","10","600","0.49155290904014565","600"
"69","None","0.5","filename.txt","1","Best found","0.5","Penalty Method","Constraint 2","F2 Schwefel Function","true","filename.txt","2","1","10","600","0.2772233454369554","600"
"70","None","0.5","filename.txt","1","Best found","0.5","Penalty Method","Constraint 2","F2 Schwefel Function","true","filename.txt","2","1","10","600","0.47709853897396115","600"
"71","None","0.5","filename.txt","1","Best found","0.5","Penalty Method","Constraint 2","F2 Schwefel Function","true","filename.txt","2","1","10","600","0.4770751105346651","600"
"72","None","0.5","filename.txt","1","Best found","0.5","Penalty Method","Constraint 2","F2 Schwefel Function","true","filename.txt","2","1","10","600","0.323741739260399","600"
"73","None","0.5","filename.txt","1","Best found","0.5","Penalty Method","Constraint 2","F2 Schwefel Function","true","filename.txt","2","1","10","600","0.48134446429060657","600"
"74","None","0.5","filename.txt","1","Best found","0.5","Penalty Method","Constraint 2","F2 Schwefel Function","true","filename.txt","2","1","10","600","0.37641496274744146","600"
"75","None","0.5","filename.txt","1","Best found","0.5","Penalty Method","Constraint 2","F2 Schwefel Function","true","filename.txt","2","1","10","600","0.4451550635454878","600"
"76","None","0.5","filename.txt","1","Best found","0.5","Penalty Method","Constraint 2","F2 Schwefel Function","true","filename.txt","2","1","10","600","0.263801872339862","600"
"77","None","0.5","filename.txt","1","Best found","0.5","Penalty Method","Constraint 2","F2 Schwefel Function","true","filename.txt","2","1","10","600","0.3354846889473513","600"
"78","None","0.5","filename.txt","1","Best found","0.5","Penalty Method","Constraint 2","F2 Schwefel Function","true","filename.txt","2","1","10","600","0.43848288204706215","600"
"79","None","0.5","filename.txt","1","Best found","0.5","Penalty Method","Constraint 2","F2 Schwefel Function","true","filename.txt","2","1","10","600","0.33255640986012813","600"
"81","None","0.5","filename.txt","1","Best found","0.5","Penalty Method","Constraint 2","F2 Schwefel Function","true","filename.txt","2","1","10","600","0.41551682943784757","600"
"80","None","0.5","filename.txt","1","Best found","0.5","Penalty Method","Constraint 2","F2 Schwefel Function","true","filename.txt","2","1","10","600","0.45056219413518483","600"
"82","None","0.5","filename.txt","1","Best found","0.5","Penalty Method","Constraint 2","F2 Schwefel Function","true","filename.txt","2","1","10","600","0.41892171523985255","600"
"83","None","0.5","filename.txt","1","Best found","0.5","Penalty Method","Constraint 2","F2 Schwefel Function","true","filename.txt","2","1","10","600","0.4429614390840684","600"
"84","None","0.5","filename.txt","1","Best found","0.5","Penalty Method","Constraint 2","F2 Schwefel Function","true","filename.txt","2","1","10","600","0.35053625951307305","600"
"85","None","0.5","filename.txt","1","Best found","0.5","Penalty Method","Constraint 2","F2 Schwefel Function","true","filename.txt","2","1","10","600","0.32970326116259435","600"
"86","None","0.5","filename.txt","1","Best found","0.5","Penalty Method","Constraint 2","F2 Schwefel Function","true","filename.txt","2","1","10","600","0.387382835067477","600"
"87","None","0.5","filename.txt","1","Best found","0.5","Penalty Method","Constraint 2","F2 Schwefel Function","true","filename.txt","2","1","10","600","0.3870387870852371","600"
"88","None","0.5","filename.txt","1","Best found","0.5","Penalty Method","Constraint 2","F2 Schwefel Function","true","filename.txt","2","1","10","600","0.3705024766599208","600"
"89","None","0.5","filename.txt","1","Best found","0.5","Penalty Method","Constraint 2","F2 Schwefel Function","true","filename.txt","2","1","10","600","0.355796702390613","600"
"90","None","0.5","filename.txt","1","Best found","0.5","Penalty Method","Constraint 2","F2 Schwefel Function","true","filename.txt","2","1","10","600","0.48134446429060657","600"
"91","None","0.5","filename.txt","1","Best found","0.5","Penalty Method","Constraint 2","F2 Schwefel Function","true","filename.txt","2","1","10","600","0.440052960819329","600"
"92","None","0.5","filename.txt","1","Best found","0.5","Penalty Method","Constraint 2","F2 Schwefel Function","true","filename.txt","2","1","10","600","0.3608187182335664","600"
"93","None","0.5","filename.txt","1","Best found","0.5","Penalty Method","Constraint 2","F2 Schwefel Function","true","filename.txt","2","1","10","600","0.4955507956742667","600"
"95","None","0.5","filename.txt","1","Best found","0.5","Penalty Method","Constraint 2","F2 Schwefel Function","true","filename.txt","2","1","10","600","0.40015030530683937","600"
"94","None","0.5","filename.txt","1","Best found","0.5","Penalty Method","Constraint 2","F2 Schwefel Function","true","filename.txt","2","1","10","600","0.4565094802266387","600"
"96","None","0.5","filename.txt","1","Best found","0.5","Penalty Method","Constraint 2","F2 Schwefel Function","true","filename.txt","2","1","10","600","0.32970326116259435","600"
"97","None","0.5","filename.txt","1","Best found","0.5","Penalty Method","Constraint 2","F2 Schwefel Function","true","filename.txt","2","1","10","600","0.3777676567722186","600"
"98","None","0.5","filename.txt","1","Best found","0.5","Penalty Method","Constraint 2","F2 Schwefel Function","true","filename.txt","2","1","10","600","0.3826016348564128","600"
"100","None","0.5","filename.txt","1","Best found","0.5","Penalty Method","Constraint 2","F2 Schwefel Function","true","filename.txt","2","1","10","600","0.492861212443604","600"
"99","None","0.5","filename.txt","1","Best found","0.5","Penalty Method","Constraint 2","F2 Schwefel Function","true","filename.txt","2","1","10","600","0.2375770277412104","600"
"101","None","0.5","filename.txt","1","Best found","0.5","Penalty Method","Constraint 2","F2 Schwefel Function","true","filename.txt","4","1","10","600","0.4347512058944191","600"
"102","None","0.5","filename.txt","1","Best found","0.5","Penalty Method","Constraint 2","F2 Schwefel Function","true","filename.txt","4","1","10","600","0.4992553702770012","600"
"103","None","0.5","filename.txt","1","Best found","0.5","Penalty Method","Constraint 2","F2 Schwefel Function","true","filename.txt","4","1","10","600","0.497475528808","600"
"104","None","0.5","filename.txt","1","Best found","0.5","Penalty Method","Constraint 2","F2 Schwefel Function","true","filename.txt","4","1","10","600","0.4554950179916068","600"
"105","None","0.5","filename.txt","1","Best found","0.5","Penalty Method","Constraint 2","F2 Schwefel Function","true","filename.txt","4","1","10","600","0.3374252614023483","600"
"106","None","0.5","filename.txt","1","Best found","0.5","Penalty Method","Constraint 2","F2 Schwefel Function","true","filename.txt","4","1","10","600","0.4889473273891953","600"
"107","None","0.5","filename.txt","1","Best found","0.5","Penalty Method","Constraint 2","F2 Schwefel Function","true","filename.txt","4","1","10","600","0.4903695261866307","600"
"108","None","0.5","filename.txt","1","Best found","0.5","Penalty Method","Constraint 2","F2 Schwefel Function","true","filename.txt","4","1","10","600","0.3781362390699253","600"
"111","None","0.5","filename.txt","1","Best found","0.5","Penalty Method","Constraint 2","F2 Schwefel Function","true","filename.txt","4","1","10","600","0.4992553702770012","600"
"109","None","0.5","filename.txt","1","Best found","0.5","Penalty Method","Constraint 2","F2 Schwefel Function","true","filename.txt","4","1","10","600","0.40015030530683937","600"
"110","None","0.5","filename.txt","1","Best found","0.5","Penalty Method","Constraint 2","F2 Schwefel Function","true","filename.txt","4","1","10","600","0.45732346299955884","600"
"112","None","0.5","filename.txt","1","Best found","0.5","Penalty Method","Constraint 2","F2 Schwefel Function","true","filename.txt","4","1","10","600","0.447614047930734","600"
"114","None","0.5","filename.txt","1","Best found","0.5","Penalty Method","Constraint 2","F2 Schwefel Function","true","filename.txt","4","1","10","600","0.4650548385219","600"
"113","None","0.5","filename.txt","1","Best found","0.5","Penalty Method","Constraint 2","F2 Schwefel Function","true","filename.txt","4","1","10","600","0.49664998278706","600"
"116","None","0.5","filename.txt","1","Best found","0.5","Penalty Method","Constraint 2","F2 Schwefel Function","true","filename.txt","4","1","10","15","0.5","16"
"115","None","0.5","filename.txt","1","Best found","0.5","Penalty Method","Constraint 2","F2 Schwefel Function","true","filename.txt","4","1","10","600","0.3859431315268953","600"
"117","None","0.5","filename.txt","1","Best found","0.5","Penalty Method","Constraint 2","F2 Schwefel Function","true","filename.txt","4","1","10","600","0.4950880464610951","600"
"118","None","0.5","filename.txt","1","Best found","0.5","Penalty Method","Constraint 2","F2 Schwefel Function","true","filename.txt","4","1","10","600","0.49949604594188285","600"
"121","None","0.5","filename.txt","1","Best found","0.5","Penalty Method","Constraint 2","F2 Schwefel Function","true","filename.txt","4","1","10","600","0.4871830824787486","600"
"120","None","0.5","filename.txt","1","Best found","0.5","Penalty Method","Constraint 2","F2 Schwefel Function","true","filename.txt","4","1","10","600","0.4764638730164142","600"
"119","None","0.5","filename.txt","1","Best found","0.5","Penalty Method","Constraint 2","F2 Schwefel Function","true","filename.txt","4","1","10","600","0.3523956374822152","600"
"122","None","0.5","filename.txt","1","Best found","0.5","Penalty Method","Constraint 2","F2 Schwefel Function","true","filename.txt","4","1","10","600","0.478924260316073","600"
"123","None","0.5","filename.txt","1","Best found","0.5","Penalty Method","Constraint 2","F2 Schwefel Function","true","filename.txt","4","1","10","600","0.38059196057030226","600"
"127","None","0.5","filename.txt","1","Best found","0.5","Penalty Method","Constraint 2","F2 Schwefel Function","true","filename.txt","4","1","10","600","0.34208029348539565","600"
"124","None","0.5","filename.txt","1","Best found","0.5","Penalty Method","Constraint 2","F2 Schwefel Function","true","filename.txt","4","1","10","600","0.4069302191401291","600"
"125","None","0.5","filename.txt","1","Best found","0.5","Penalty Method","Constraint 2","F2 Schwefel Function","true","filename.txt","4","1","10","600","0.4978940615645856","600"
"126","None","0.5","filename.txt","1","Best found","0.5","Penalty Method","Constraint 2","F2 Schwefel Function","true","filename.txt","4","1","10","600","0.438740153435829","600"
"129","None","0.5","filename.txt","1","Best found","0.5","Penalty Method","Constraint 2","F2 Schwefel Function","true","filename.txt","4","1","10","3","0.5","4"
"128","None","0.5","filename.txt","1","Best found","0.5","Penalty Method","Constraint 2","F2 Schwefel Function","true","filename.txt","4","1","10","600","0.43025839831613705","600"
"130","None","0.5","filename.txt","1","Best found","0.5","Penalty Method","Constraint 2","F2 Schwefel Function","true","filename.txt","4","1","10","600","0.48448545798877457","600"
"132","None","0.5","filename.txt","1","Best found","0.5","Penalty Method","Constraint 2","F2 Schwefel Function","true","filename.txt","4","1","10","600","0.4985747159207934","600"
"131","None","0.5","filename.txt","1","Best found","0.5","Penalty Method","Constraint 2","F2 Schwefel Function","true","filename.txt","4","1","10","600","0.47611958029459606","600"
"133","None","0.5","filename.txt","1","Best found","0.5","Penalty Method","Constraint 2","F2 Schwefel Function","true","filename.txt","4","1","10","600","0.44135103243990176","600"
"134","None","0.5","filename.txt","1","Best found","0.5","Penalty Method","Constraint 2","F2 Schwefel Function","true","filename.txt","4","1","10","600","0.48802790547548736","600"
"136","None","0.5","filename.txt","1","Best found","0.5","Penalty Method","Constraint 2","F2 Schwefel Function","true","filename.txt","4","1","10","600","0.4615108499675967","600"
"135","None","0.5","filename.txt","1","Best found","0.5","Penalty Method","Constraint 2","F2 Schwefel Function","true","filename.txt","4","1","10","600","0.43654652897440954","600"
"137","None","0.5","filename.txt","1","Best found","0.5","Penalty Method","Constraint 2","F2 Schwefel Function","true","filename.txt","4","1","10","600","0.45615010110575305","600"
"138","None","0.5","filename.txt","1","Best found","0.5","Penalty Method","Constraint 2","F2 Schwefel Function","true","filename.txt","4","1","10","600","0.4864018873965781","600"
"139","None","0.5","filename.txt","1","Best found","0.5","Penalty Method","Constraint 2","F2 Schwefel Function","true","filename.txt","4","1","10","600","0.473517986230642","600"
"141","None","0.5","filename.txt","1","Best found","0.5","Penalty Method","Constraint 2","F2 Schwefel Function","true","filename.txt","4","1","10","600","0.4939046636075802","600"
"140","None","0.5","filename.txt","1","Best found","0.5","Penalty Method","Constraint 2","F2 Schwefel Function","true","filename.txt","4","1","10","600","0.492861212443604","600"
"142","None","0.5","filename.txt","1","Best found","0.5","Penalty Method","Constraint 2","F2 Schwefel Function","true","filename.txt","4","1","10","600","0.49562842511986804","600"
"144","None","0.5","filename.txt","1","Best found","0.5","Penalty Method","Constraint 2","F2 Schwefel Function","true","filename.txt","4","1","10","600","0.49826307596037145","600"
"145","None","0.5","filename.txt","1","Best found","0.5","Penalty Method","Constraint 2","F2 Schwefel Function","true","filename.txt","4","1","10","600","0.4648274185216619","600"
"143","None","0.5","filename.txt","1","Best found","0.5","Penalty Method","Constraint 2","F2 Schwefel Function","true","filename.txt","4","1","10","600","0.47801015899388105","600"
"146","None","0.5","filename.txt","1","Best found","0.5","Penalty Method","Constraint 2","F2 Schwefel Function","true","filename.txt","4","1","10","600","0.45732346299955884","600"
"147","None","0.5","filename.txt","1","Best found","0.5","Penalty Method","Constraint 2","F2 Schwefel Function","true","filename.txt","4","1","10","600","0.41031457080596295","600"
"149","None","0.5","filename.txt","1","Best found","0.5","Penalty Method","Constraint 2","F2 Schwefel Function","true","filename.txt","4","1","10","600","0.34758687313780096","600"
"148","None","0.5","filename.txt","1","Best found","0.5","Penalty Method","Constraint 2","F2 Schwefel Function","true","filename.txt","4","1","10","600","0.4584802682627621","600"
"150","None","0.5","filename.txt","1","Best found","0.5","Penalty Method","Constraint 2","F2 Schwefel Function","true","filename.txt","4","1","10","600","0.4626337940602425","600"
"151","None","0.5","filename.txt","1","Best found","0.5","Penalty Method","Constraint 2","F2 Schwefel Function","true","filename.txt","4","1","10","600","0.40707008131531613","600"
"153","None","0.5","filename.txt","1","Best found","0.5","Penalty Method","Constraint 2","F2 Schwefel Function","true","filename.txt","4","1","10","600","0.49562842511986804","600"
"152","None","0.5","filename.txt","1","Best found","0.5","Penalty Method","Constraint 2","F2 Schwefel Function","true","filename.txt","4","1","10","600","0.3794636104602514","600"
"154","None","0.5","filename.txt","1","Best found","0.5","Penalty Method","Constraint 2","F2 Schwefel Function","true","filename.txt","4","1","10","600","0.45615010110575305","600"
"155","None","0.5","filename.txt","1","Best found","0.5","Penalty Method","Constraint 2","F2 Schwefel Function","true","filename.txt","4","1","10","600","0.48448545798877457","600"
"156","None","0.5","filename.txt","1","Best found","0.5","Penalty Method","Constraint 2","F2 Schwefel Function","true","filename.txt","4","1","10","600","0.4612849482842391","600"
"157","None","0.5","filename.txt","1","Best found","0.5","Penalty Method","Constraint 2","F2 Schwefel Function","true","filename.txt","4","1","10","600","0.49222191575862767","600"
"158","None","0.5","filename.txt","1","Best found","0.5","Penalty Method","Constraint 2","F2 Schwefel Function","true","filename.txt","4","1","10","600","0.49451278961192535","600"
"160","None","0.5","filename.txt","1","Best found","0.5","Penalty Method","Constraint 2","F2 Schwefel Function","true","filename.txt","4","1","10","600","0.48221514013018785","600"
"159","None","0.5","filename.txt","1","Best found","0.5","Penalty Method","Constraint 2","F2 Schwefel Function","true","filename.txt","4","1","10","600","0.4623243363210062","600"
"161","None","0.5","filename.txt","1","Best found","0.5","Penalty Method","Constraint 2","F2 Schwefel Function","true","filename.txt","4","1","10","600","0.4554616949094435","600"
"162","None","0.5","filename.txt","1","Best found","0.5","Penalty Method","Constraint 2","F2 Schwefel Function","true","filename.txt","4","1","10","600","0.48914354098343005","600"
"163","None","0.5","filename.txt","1","Best found","0.5","Penalty Method","Constraint 2","F2 Schwefel Function","true","filename.txt","4","1","10","600","0.49949604594188285","600"
"164","None","0.5","filename.txt","1","Best found","0.5","Penalty Method","Constraint 2","F2 Schwefel Function","true","filename.txt","4","1","10","600","0.3621311984808812","600"
"165","None","0.5","filename.txt","1","Best found","0.5","Penalty Method","Constraint 2","F2 Schwefel Function","true","filename.txt","4","1","10","600","0.48045180823412614","600"
"166","None","0.5","filename.txt","1","Best found","0.5","Penalty Method","Constraint 2","F2 Schwefel Function","true","filename.txt","4","1","10","600","0.49384665656966487","600"
"167","None","0.5","filename.txt","1","Best found","0.5","Penalty Method","Constraint 2","F2 Schwefel Function","true","filename.txt","4","1","10","600","0.23096245935732246","600"
"168","None","0.5","filename.txt","1","Best found","0.5","Penalty Method","Constraint 2","F2 Schwefel Function","true","filename.txt","4","1","10","600","0.40139043997795804","600"
"169","None","0.5","filename.txt","1","Best found","0.5","Penalty Method","Constraint 2","F2 Schwefel Function","true","filename.txt","4","1","10","600","0.438964952999634","600"
"170","None","0.5","filename.txt","1","Best found","0.5","Penalty Method","Constraint 2","F2 Schwefel Function","true","filename.txt","4","1","10","600","0.4431105806601401","600"
"171","None","0.5","filename.txt","1","Best found","0.5","Penalty Method","Constraint 2","F2 Schwefel Function","true","filename.txt","4","1","10","600","0.4517838513092304","600"
"172","None","0.5","filename.txt","1","Best found","0.5","Penalty Method","Constraint 2","F2 Schwefel Function","true","filename.txt","4","1","10","600","0.4460242600361147","600"
"173","None","0.5","filename.txt","1","Best found","0.5","Penalty Method","Constraint 2","F2 Schwefel Function","true","filename.txt","4","1","10","600","0.492861212443604","600"
"174","None","0.5","filename.txt","1","Best found","0.5","Penalty Method","Constraint 2","F2 Schwefel Function","true","filename.txt","4","1","10","600","0.481535711273286","600"
"175","None","0.5","filename.txt","1","Best found","0.5","Penalty Method","Constraint 2","F2 Schwefel Function","true","filename.txt","4","1","10","600","0.4744935622156868","600"
"176","None","0.5","filename.txt","1","Best found","0.5","Penalty Method","Constraint 2","F2 Schwefel Function","true","filename.txt","4","1","10","600","0.4617987465864314","600"
"177","None","0.5","filename.txt","1","Best found","0.5","Penalty Method","Constraint 2","F2 Schwefel Function","true","filename.txt","4","1","10","600","0.4910385329051128","600"
"178","None","0.5","filename.txt","1","Best found","0.5","Penalty Method","Constraint 2","F2 Schwefel Function","true","filename.txt","4","1","10","600","0.49222191575862767","600"
"179","None","0.5","filename.txt","1","Best found","0.5","Penalty Method","Constraint 2","F2 Schwefel Function","true","filename.txt","4","1","10","600","0.48448545798877457","600"
"181","None","0.5","filename.txt","1","Best found","0.5","Penalty Method","Constraint 2","F2 Schwefel Function","true","filename.txt","4","1","10","600","0.492861212443604","600"
"180","None","0.5","filename.txt","1","Best found","0.5","Penalty Method","Constraint 2","F2 Schwefel Function","true","filename.txt","4","1","10","600","0.49222191575862767","600"
"184","None","0.5","filename.txt","1","Best found","0.5","Penalty Method","Constraint 2","F2 Schwefel Function","true","filename.txt","4","1","10","600","0.45603695175861314","600"
"183","None","0.5","filename.txt","1","Best found","0.5","Penalty Method","Constraint 2","F2 Schwefel Function","true","filename.txt","4","1","10","600","0.4209395510193178","600"
"182","None","0.5","filename.txt","1","Best found","0.5","Penalty Method","Constraint 2","F2 Schwefel Function","true","filename.txt","4","1","10","600","0.47990969319437676","600"
"185","None","0.5","filename.txt","1","Best found","0.5","Penalty Method","Constraint 2","F2 Schwefel Function","true","filename.txt","4","1","10","600","0.48611147606768385","600"
"186","None","0.5","filename.txt","1","Best found","0.5","Penalty Method","Constraint 2","F2 Schwefel Function","true","filename.txt","4","1","10","600","0.4626337940602425","600"
"187","None","0.5","filename.txt","1","Best found","0.5","Penalty Method","Constraint 2","F2 Schwefel Function","true","filename.txt","4","1","10","600","0.46856184475915635","600"
"189","None","0.5","filename.txt","1","Best found","0.5","Penalty Method","Constraint 2","F2 Schwefel Function","true","filename.txt","4","1","10","3","0.5","4"
"188","None","0.5","filename.txt","1","Best found","0.5","Penalty Method","Constraint 2","F2 Schwefel Function","true","filename.txt","4","1","10","600","0.49894373031657924","600"
"192","None","0.5","filename.txt","1","Best found","0.5","Penalty Method","Constraint 2","F2 Schwefel Function","true","filename.txt","4","1","10","600","0.41294538722476576","600"
"190","None","0.5","filename.txt","1","Best found","0.5","Penalty Method","Constraint 2","F2 Schwefel Function","true","filename.txt","4","1","10","600","0.3603886980165802","600"
"194","None","0.5","filename.txt","1","Best found","0.5","Penalty Method","Constraint 2","F2 Schwefel Function","true","filename.txt","4","1","10","600","0.4637394107019669","600"
"191","None","0.5","filename.txt","1","Best found","0.5","Penalty Method","Constraint 2","F2 Schwefel Function","true","filename.txt","4","1","10","600","0.3912811224704725","600"
"193","None","0.5","filename.txt","1","Best found","0.5","Penalty Method","Constraint 2","F2 Schwefel Function","true","filename.txt","4","1","10","600","0.3781362390699253","600"
"195","None","0.5","filename.txt","1","Best found","0.5","Penalty Method","Constraint 2","F2 Schwefel Function","true","filename.txt","4","1","10","600","0.48449504313031905","600"
"196","None","0.5","filename.txt","1","Best found","0.5","Penalty Method","Constraint 2","F2 Schwefel Function","true","filename.txt","4","1","10","600","0.42632782933247854","600"
"197","None","0.5","filename.txt","1","Best found","0.5","Penalty Method","Constraint 2","F2 Schwefel Function","true","filename.txt","4","1","10","18","0.5","19"
"200","None","0.5","filename.txt","1","Best found","0.5","Penalty Method","Constraint 2","F2 Schwefel Function","true","filename.txt","4","1","10","600","0.4978940615645856","600"
"198","None","0.5","filename.txt","1","Best found","0.5","Penalty Method","Constraint 2","F2 Schwefel Function","true","filename.txt","4","1","10","600","0.478924260316073","600"
"201","None","0.5","filename.txt","1","Best found","0.5","Penalty Method","Constraint 2","F2 Schwefel Function","true","filename.txt","6","1","10","600","0.49894373031657924","600"
"199","None","0.5","filename.txt","1","Best found","0.5","Penalty Method","Constraint 2","F2 Schwefel Function","true","filename.txt","4","1","10","600","0.3325808784209026","600"
"202","None","0.5","filename.txt","1","Best found","0.5","Penalty Method","Constraint 2","F2 Schwefel Function","true","filename.txt","6","1","10","18","0.5","19"
"203","None","0.5","filename.txt","1","Best found","0.5","Penalty Method","Constraint 2","F2 Schwefel Function","true","filename.txt","6","1","10","600","0.48531039639144585","600"
"204","None","0.5","filename.txt","1","Best found","0.5","Penalty Method","Constraint 2","F2 Schwefel Function","true","filename.txt","6","1","10","600","0.49949604594188285","600"
"205","None","0.5","filename.txt","1","Best found","0.5","Penalty Method","Constraint 2","F2 Schwefel Function","true","filename.txt","6","1","10","600","0.48221514013018785","600"
"208","None","0.5","filename.txt","1","Best found","0.5","Penalty Method","Constraint 2","F2 Schwefel Function","true","filename.txt","6","1","10","14","0.5","15"
"206","None","0.5","filename.txt","1","Best found","0.5","Penalty Method","Constraint 2","F2 Schwefel Function","true","filename.txt","6","1","10","600","0.49949604594188285","600"
"207","None","0.5","filename.txt","1","Best found","0.5","Penalty Method","Constraint 2","F2 Schwefel Function","true","filename.txt","6","1","10","600","0.49949604594188285","600"
"209","None","0.5","filename.txt","1","Best found","0.5","Penalty Method","Constraint 2","F2 Schwefel Function","true","filename.txt","6","1","10","600","0.42415028672419613","600"
"210","None","0.5","filename.txt","1","Best found","0.5","Penalty Method","Constraint 2","F2 Schwefel Function","true","filename.txt","6","1","10","600","0.4763841409149718","600"
"211","None","0.5","filename.txt","1","Best found","0.5","Penalty Method","Constraint 2","F2 Schwefel Function","true","filename.txt","6","1","10","600","0.45764948323218835","600"
"212","None","0.5","filename.txt","1","Best found","0.5","Penalty Method","Constraint 2","F2 Schwefel Function","true","filename.txt","6","1","10","600","0.48611147606768385","600"
"213","None","0.5","filename.txt","1","Best found","0.5","Penalty Method","Constraint 2","F2 Schwefel Function","true","filename.txt","6","1","10","600","0.414188995240691","600"
"216","None","0.5","filename.txt","1","Best found","0.5","Penalty Method","Constraint 2","F2 Schwefel Function","true","filename.txt","6","1","10","16","0.5","17"
"214","None","0.5","filename.txt","1","Best found","0.5","Penalty Method","Constraint 2","F2 Schwefel Function","true","filename.txt","6","1","10","600","0.4338773735428005","600"
"215","None","0.5","filename.txt","1","Best found","0.5","Penalty Method","Constraint 2","F2 Schwefel Function","true","filename.txt","6","1","10","600","0.45535267496343534","600"
"217","None","0.5","filename.txt","1","Best found","0.5","Penalty Method","Constraint 2","F2 Schwefel Function","true","filename.txt","6","1","10","600","0.49222191575862767","600"
"218","None","0.5","filename.txt","1","Best found","0.5","Penalty Method","Constraint 2","F2 Schwefel Function","true","filename.txt","6","1","10","600","0.4883637797430743","600"
"219","None","0.5","filename.txt","1","Best found","0.5","Penalty Method","Constraint 2","F2 Schwefel Function","true","filename.txt","6","1","10","600","0.4770751105346651","600"
"220","None","0.5","filename.txt","1","Best found","0.5","Penalty Method","Constraint 2","F2 Schwefel Function","true","filename.txt","6","1","10","600","0.477209079317643","600"
"221","None","0.5","filename.txt","1","Best found","0.5","Penalty Method","Constraint 2","F2 Schwefel Function","true","filename.txt","6","1","10","600","0.3592847529829582","600"
"225","None","0.5","filename.txt","1","Best found","0.5","Penalty Method","Constraint 2","F2 Schwefel Function","true","filename.txt","6","1","10","10","0.5","11"
"222","None","0.5","filename.txt","1","Best found","0.5","Penalty Method","Constraint 2","F2 Schwefel Function","true","filename.txt","6","1","10","600","0.49155290904014565","600"
"224","None","0.5","filename.txt","1","Best found","0.5","Penalty Method","Constraint 2","F2 Schwefel Function","true","filename.txt","6","1","10","600","0.4978940615645856","600"
"226","None","0.5","filename.txt","1","Best found","0.5","Penalty Method","Constraint 2","F2 Schwefel Function","true","filename.txt","6","1","10","7","0.5","8"
"223","None","0.5","filename.txt","1","Best found","0.5","Penalty Method","Constraint 2","F2 Schwefel Function","true","filename.txt","6","1","10","600","0.49949604594188285","600"
"227","None","0.5","filename.txt","1","Best found","0.5","Penalty Method","Constraint 2","F2 Schwefel Function","true","filename.txt","6","1","10","600","0.43521915385251286","600"
"228","None","0.5","filename.txt","1","Best found","0.5","Penalty Method","Constraint 2","F2 Schwefel Function","true","filename.txt","6","1","10","600","0.49949604594188285","600"
"229","None","0.5","filename.txt","1","Best found","0.5","Penalty Method","Constraint 2","F2 Schwefel Function","true","filename.txt","6","1","10","19","0.5","20"
"230","None","0.5","filename.txt","1","Best found","0.5","Penalty Method","Constraint 2","F2 Schwefel Function","true","filename.txt","6","1","10","13","0.5","14"
"231","None","0.5","filename.txt","1","Best found","0.5","Penalty Method","Constraint 2","F2 Schwefel Function","true","filename.txt","6","1","10","600","0.49346933844794916","600"
"232","None","0.5","filename.txt","1","Best found","0.5","Penalty Method","Constraint 2","F2 Schwefel Function","true","filename.txt","6","1","10","600","0.49451278961192535","600"
"233","None","0.5","filename.txt","1","Best found","0.5","Penalty Method","Constraint 2","F2 Schwefel Function","true","filename.txt","6","1","10","600","0.45732346299955884","600"
"234","None","0.5","filename.txt","1","Best found","0.5","Penalty Method","Constraint 2","F2 Schwefel Function","true","filename.txt","6","1","10","600","0.48448545798877457","600"
"235","None","0.5","filename.txt","1","Best found","0.5","Penalty Method","Constraint 2","F2 Schwefel Function","true","filename.txt","6","1","10","600","0.3995153818297548","600"
"236","None","0.5","filename.txt","1","Best found","0.5","Penalty Method","Constraint 2","F2 Schwefel Function","true","filename.txt","6","1","10","600","0.49949604594188285","600"
"237","None","0.5","filename.txt","1","Best found","0.5","Penalty Method","Constraint 2","F2 Schwefel Function","true","filename.txt","6","1","10","600","0.473517986230642","600"
"239","None","0.5","filename.txt","1","Best found","0.5","Penalty Method","Constraint 2","F2 Schwefel Function","true","filename.txt","6","1","10","600","0.497475528808","600"
"240","None","0.5","filename.txt","1","Best found","0.5","Penalty Method","Constraint 2","F2 Schwefel Function","true","filename.txt","6","1","10","600","0.49949604594188285","600"
"241","None","0.5","filename.txt","1","Best found","0.5","Penalty Method","Constraint 2","F2 Schwefel Function","true","filename.txt","6","1","10","600","0.49949604594188285","600"
"238","None","0.5","filename.txt","1","Best found","0.5","Penalty Method","Constraint 2","F2 Schwefel Function","true","filename.txt","6","1","10","600","0.42750420377809656","600"
"242","None","0.5","filename.txt","1","Best found","0.5","Penalty Method","Constraint 2","F2 Schwefel Function","true","filename.txt","6","1","10","600","0.48967208314653266","600"
"243","None","0.5","filename.txt","1","Best found","0.5","Penalty Method","Constraint 2","F2 Schwefel Function","true","filename.txt","6","1","10","600","0.4992553702770012","600"
"244","None","0.5","filename.txt","1","Best found","0.5","Penalty Method","Constraint 2","F2 Schwefel Function","true","filename.txt","6","1","10","600","0.49949604594188285","600"
"245","None","0.5","filename.txt","1","Best found","0.5","Penalty Method","Constraint 2","F2 Schwefel Function","true","filename.txt","6","1","10","600","0.4460242600361147","600"
"246","None","0.5","filename.txt","1","Best found","0.5","Penalty Method","Constraint 2","F2 Schwefel Function","true","filename.txt","6","1","10","600","0.49562842511986804","600"
"247","None","0.5","filename.txt","1","Best found","0.5","Penalty Method","Constraint 2","F2 Schwefel Function","true","filename.txt","6","1","10","600","0.45877242732483403","600"
"248","None","0.5","filename.txt","1","Best found","0.5","Penalty Method","Constraint 2","F2 Schwefel Function","true","filename.txt","6","1","10","600","0.49949604594188285","600"
"249","None","0.5","filename.txt","1","Best found","0.5","Penalty Method","Constraint 2","F2 Schwefel Function","true","filename.txt","6","1","10","600","0.47252277417956334","600"
"251","None","0.5","filename.txt","1","Best found","0.5","Penalty Method","Constraint 2","F2 Schwefel Function","true","filename.txt","6","1","10","600","0.49562842511986804","600"
"250","None","0.5","filename.txt","1","Best found","0.5","Penalty Method","Constraint 2","F2 Schwefel Function","true","filename.txt","6","1","10","600","0.438740153435829","600"
"252","None","0.5","filename.txt","1","Best found","0.5","Penalty Method","Constraint 2","F2 Schwefel Function","true","filename.txt","6","1","10","600","0.4494252582660241","600"
"253","None","0.5","filename.txt","1","Best found","0.5","Penalty Method","Constraint 2","F2 Schwefel Function","true","filename.txt","6","1","10","600","0.4978940615645856","600"
"254","None","0.5","filename.txt","1","Best found","0.5","Penalty Method","Constraint 2","F2 Schwefel Function","true","filename.txt","6","1","10","600","0.4669494115561019","600"
"258","None","0.5","filename.txt","1","Best found","0.5","Penalty Method","Constraint 2","F2 Schwefel Function","true","filename.txt","6","1","10","15","0.5","16"
"257","None","0.5","filename.txt","1","Best found","0.5","Penalty Method","Constraint 2","F2 Schwefel Function","true","filename.txt","6","1","10","600","0.493477642173879","600"
"255","None","0.5","filename.txt","1","Best found","0.5","Penalty Method","Constraint 2","F2 Schwefel Function","true","filename.txt","6","1","10","600","0.4529896299149483","600"
"256","None","0.5","filename.txt","1","Best found","0.5","Penalty Method","Constraint 2","F2 Schwefel Function","true","filename.txt","6","1","10","600","0.4754490924557559","600"
"259","None","0.5","filename.txt","1","Best found","0.5","Penalty Method","Constraint 2","F2 Schwefel Function","true","filename.txt","6","1","10","600","0.40574137303411245","600"
"260","None","0.5","filename.txt","1","Best found","0.5","Penalty Method","Constraint 2","F2 Schwefel Function","true","filename.txt","6","1","10","600","0.48448545798877457","600"
"261","None","0.5","filename.txt","1","Best found","0.5","Penalty Method","Constraint 2","F2 Schwefel Function","true","filename.txt","6","1","10","5","0.5","6"
"263","None","0.5","filename.txt","1","Best found","0.5","Penalty Method","Constraint 2","F2 Schwefel Function","true","filename.txt","6","1","10","7","0.5","8"
"262","None","0.5","filename.txt","1","Best found","0.5","Penalty Method","Constraint 2","F2 Schwefel Function","true","filename.txt","6","1","10","5","0.5","6"
"264","None","0.5","filename.txt","1","Best found","0.5","Penalty Method","Constraint 2","F2 Schwefel Function","true","filename.txt","6","1","10","600","0.46917406179458704","600"
"265","None","0.5","filename.txt","1","Best found","0.5","Penalty Method","Constraint 2","F2 Schwefel Function","true","filename.txt","6","1","10","600","0.4680621734409424","600"
"266","None","0.5","filename.txt","1","Best found","0.5","Penalty Method","Constraint 2","F2 Schwefel Function","true","filename.txt","6","1","10","600","0.4677042796334642","600"
"267","None","0.5","filename.txt","1","Best found","0.5","Penalty Method","Constraint 2","F2 Schwefel Function","true","filename.txt","6","1","10","600","0.49949604594188285","600"
"268","None","0.5","filename.txt","1","Best found","0.5","Penalty Method","Constraint 2","F2 Schwefel Function","true","filename.txt","6","1","10","600","0.4992553702770012","600"
"269","None","0.5","filename.txt","1","Best found","0.5","Penalty Method","Constraint 2","F2 Schwefel Function","true","filename.txt","6","1","10","600","0.4871830824787486","600"
"270","None","0.5","filename.txt","1","Best found","0.5","Penalty Method","Constraint 2","F2 Schwefel Function","true","filename.txt","6","1","10","600","0.49949604594188285","600"
"271","None","0.5","filename.txt","1","Best found","0.5","Penalty Method","Constraint 2","F2 Schwefel Function","true","filename.txt","6","1","10","600","0.4447561875174176","600"
"272","None","0.5","filename.txt","1","Best found","0.5","Penalty Method","Constraint 2","F2 Schwefel Function","true","filename.txt","6","1","10","600","0.49949604594188285","600"
"273","None","0.5","filename.txt","1","Best found","0.5","Penalty Method","Constraint 2","F2 Schwefel Function","true","filename.txt","6","1","10","600","0.48134446429060657","600"
"274","None","0.5","filename.txt","1","Best found","0.5","Penalty Method","Constraint 2","F2 Schwefel Function","true","filename.txt","6","1","10","600","0.49222191575862767","600"
"275","None","0.5","filename.txt","1","Best found","0.5","Penalty Method","Constraint 2","F2 Schwefel Function","true","filename.txt","6","1","10","600","0.4970127795948285","600"
"276","None","0.5","filename.txt","1","Best found","0.5","Penalty Method","Constraint 2","F2 Schwefel Function","true","filename.txt","6","1","10","600","0.3912811224704725","600"
"277","None","0.5","filename.txt","1","Best found","0.5","Penalty Method","Constraint 2","F2 Schwefel Function","true","filename.txt","6","1","10","600","0.48611147606768385","600"
"278","None","0.5","filename.txt","1","Best found","0.5","Penalty Method","Constraint 2","F2 Schwefel Function","true","filename.txt","6","1","10","600","0.4834857464007912","600"
"279","None","0.5","filename.txt","1","Best found","0.5","Penalty Method","Constraint 2","F2 Schwefel Function","true","filename.txt","6","1","10","600","0.49949604594188285","600"
"280","None","0.5","filename.txt","1","Best found","0.5","Penalty Method","Constraint 2","F2 Schwefel Function","true","filename.txt","6","1","10","600","0.4889473273891953","600"
"283","None","0.5","filename.txt","1","Best found","0.5","Penalty Method","Constraint 2","F2 Schwefel Function","true","filename.txt","6","1","10","13","0.5","14"
"281","None","0.5","filename.txt","1","Best found","0.5","Penalty Method","Constraint 2","F2 Schwefel Function","true","filename.txt","6","1","10","600","0.46207358258566167","600"
"282","None","0.5","filename.txt","1","Best found","0.5","Penalty Method","Constraint 2","F2 Schwefel Function","true","filename.txt","6","1","10","600","0.4351127529863917","600"
"285","None","0.5","filename.txt","1","Best found","0.5","Penalty Method","Constraint 2","F2 Schwefel Function","true","filename.txt","6","1","10","20","0.5","21"
"284","None","0.5","filename.txt","1","Best found","0.5","Penalty Method","Constraint 2","F2 Schwefel Function","true","filename.txt","6","1","10","600","0.49949604594188285","600"
"286","None","0.5","filename.txt","1","Best found","0.5","Penalty Method","Constraint 2","F2 Schwefel Function","true","filename.txt","6","1","10","600","0.49222191575862767","600"
"287","None","0.5","filename.txt","1","Best found","0.5","Penalty Method","Constraint 2","F2 Schwefel Function","true","filename.txt","6","1","10","600","0.48678048278616587","600"
"288","None","0.5","filename.txt","1","Best found","0.5","Penalty Method","Constraint 2","F2 Schwefel Function","true","filename.txt","6","1","10","600","0.41950108239913575","600"
"291","None","0.5","filename.txt","1","Best found","0.5","Penalty Method","Constraint 2","F2 Schwefel Function","true","filename.txt","6","1","10","9","0.5","10"
"289","None","0.5","filename.txt","1","Best found","0.5","Penalty Method","Constraint 2","F2 Schwefel Function","true","filename.txt","6","1","10","600","0.4992553702770012","600"
"290","None","0.5","filename.txt","1","Best found","0.5","Penalty Method","Constraint 2","F2 Schwefel Function","true","filename.txt","6","1","10","600","0.49451278961192535","600"
"292","None","0.5","filename.txt","1","Best found","0.5","Penalty Method","Constraint 2","F2 Schwefel Function","true","filename.txt","6","1","10","600","0.49949604594188285","600"
"293","None","0.5","filename.txt","1","Best found","0.5","Penalty Method","Constraint 2","F2 Schwefel Function","true","filename.txt","6","1","10","600","0.49894373031657924","600"
"294","None","0.5","filename.txt","1","Best found","0.5","Penalty Method","Constraint 2","F2 Schwefel Function","true","filename.txt","6","1","10","600","0.478924260316073","600"
"296","None","0.5","filename.txt","1","Best found","0.5","Penalty Method","Constraint 2","F2 Schwefel Function","true","filename.txt","6","1","10","14","0.5","15"
"297","None","0.5","filename.txt","1","Best found","0.5","Penalty Method","Constraint 2","F2 Schwefel Function","true","filename.txt","6","1","10","11","0.5","12"
"298","None","0.5","filename.txt","1","Best found","0.5","Penalty Method","Constraint 2","F2 Schwefel Function","true","filename.txt","6","1","10","15","0.5","16"
"295","None","0.5","filename.txt","1","Best found","0.5","Penalty Method","Constraint 2","F2 Schwefel Function","true","filename.txt","6","1","10","600","0.49949604594188285","600"
"299","None","0.5","filename.txt","1","Best found","0.5","Penalty Method","Constraint 2","F2 Schwefel Function","true","filename.txt","6","1","10","600","0.49222191575862767","600"
"301","None","0.5","filename.txt","1","Best found","0.5","Penalty Method","Constraint 2","F2 Schwefel Function","true","filename.txt","8","1","10","17","0.5","18"
"300","None","0.5","filename.txt","1","Best found","0.5","Penalty Method","Constraint 2","F2 Schwefel Function","true","filename.txt","6","1","10","600","0.49881539158567506","600"
"302","None","0.5","filename.txt","1","Best found","0.5","Penalty Method","Constraint 2","F2 Schwefel Function","true","filename.txt","8","1","10","600","0.49881539158567506","600"
"303","None","0.5","filename.txt","1","Best found","0.5","Penalty Method","Constraint 2","F2 Schwefel Function","true","filename.txt","8","1","10","600","0.4970127795948285","600"
"305","None","0.5","filename.txt","1","Best found","0.5","Penalty Method","Constraint 2","F2 Schwefel Function","true","filename.txt","8","1","10","600","0.497475528808","600"
"304","None","0.5","filename.txt","1","Best found","0.5","Penalty Method","Constraint 2","F2 Schwefel Function","true","filename.txt","8","1","10","600","0.4677042796334642","600"
"307","None","0.5","filename.txt","1","Best found","0.5","Penalty Method","Constraint 2","F2 Schwefel Function","true","filename.txt","8","1","10","15","0.5","16"
"306","None","0.5","filename.txt","1","Best found","0.5","Penalty Method","Constraint 2","F2 Schwefel Function","true","filename.txt","8","1","10","600","0.49949604594188285","600"
"308","None","0.5","filename.txt","1","Best found","0.5","Penalty Method","Constraint 2","F2 Schwefel Function","true","filename.txt","8","1","10","600","0.4992553702770012","600"
"309","None","0.5","filename.txt","1","Best found","0.5","Penalty Method","Constraint 2","F2 Schwefel Function","true","filename.txt","8","1","10","600","0.49949604594188285","600"
"310","None","0.5","filename.txt","1","Best found","0.5","Penalty Method","Constraint 2","F2 Schwefel Function","true","filename.txt","8","1","10","600","0.4443367377112708","600"
"312","None","0.5","filename.txt","1","Best found","0.5","Penalty Method","Constraint 2","F2 Schwefel Function","true","filename.txt","8","1","10","11","0.5","12"
"313","None","0.5","filename.txt","1","Best found","0.5","Penalty Method","Constraint 2","F2 Schwefel Function","true","filename.txt","8","1","10","600","0.49949604594188285","600"
"311","None","0.5","filename.txt","1","Best found","0.5","Penalty Method","Constraint 2","F2 Schwefel Function","true","filename.txt","8","1","10","600","0.3944494218738335","600"
"315","None","0.5","filename.txt","1","Best found","0.5","Penalty Method","Constraint 2","F2 Schwefel Function","true","filename.txt","8","1","10","11","0.5","12"
"314","None","0.5","filename.txt","1","Best found","0.5","Penalty Method","Constraint 2","F2 Schwefel Function","true","filename.txt","8","1","10","600","0.49826307596037145","600"
"316","None","0.5","filename.txt","1","Best found","0.5","Penalty Method","Constraint 2","F2 Schwefel Function","true","filename.txt","8","1","10","3","0.5","4"
"317","None","0.5","filename.txt","1","Best found","0.5","Penalty Method","Constraint 2","F2 Schwefel Function","true","filename.txt","8","1","10","600","0.49949604594188285","600"
"318","None","0.5","filename.txt","1","Best found","0.5","Penalty Method","Constraint 2","F2 Schwefel Function","true","filename.txt","8","1","10","600","0.49949604594188285","600"
"319","None","0.5","filename.txt","1","Best found","0.5","Penalty Method","Constraint 2","F2 Schwefel Function","true","filename.txt","8","1","10","15","0.5","16"
"321","None","0.5","filename.txt","1","Best found","0.5","Penalty Method","Constraint 2","F2 Schwefel Function","true","filename.txt","8","1","10","600","0.49949604594188285","600"
"322","None","0.5","filename.txt","1","Best found","0.5","Penalty Method","Constraint 2","F2 Schwefel Function","true","filename.txt","8","1","10","7","0.5","8"
"320","None","0.5","filename.txt","1","Best found","0.5","Penalty Method","Constraint 2","F2 Schwefel Function","true","filename.txt","8","1","10","600","0.49222191575862767","600"
"323","None","0.5","filename.txt","1","Best found","0.5","Penalty Method","Constraint 2","F2 Schwefel Function","true","filename.txt","8","1","10","600","0.383798937136627","600"
"324","None","0.5","filename.txt","1","Best found","0.5","Penalty Method","Constraint 2","F2 Schwefel Function","true","filename.txt","8","1","10","600","0.49949604594188285","600"
"325","None","0.5","filename.txt","1","Best found","0.5","Penalty Method","Constraint 2","F2 Schwefel Function","true","filename.txt","8","1","10","600","0.48531039639144585","600"
"326","None","0.5","filename.txt","1","Best found","0.5","Penalty Method","Constraint 2","F2 Schwefel Function","true","filename.txt","8","1","10","14","0.5","15"
"329","None","0.5","filename.txt","1","Best found","0.5","Penalty Method","Constraint 2","F2 Schwefel Function","true","filename.txt","8","1","10","5","0.5","6"
"327","None","0.5","filename.txt","1","Best found","0.5","Penalty Method","Constraint 2","F2 Schwefel Function","true","filename.txt","8","1","10","600","0.49949604594188285","600"
"328","None","0.5","filename.txt","1","Best found","0.5","Penalty Method","Constraint 2","F2 Schwefel Function","true","filename.txt","8","1","10","600","0.48611147606768385","600"
"330","None","0.5","filename.txt","1","Best found","0.5","Penalty Method","Constraint 2","F2 Schwefel Function","true","filename.txt","8","1","10","600","0.4979341096159179","600"
"331","None","0.5","filename.txt","1","Best found","0.5","Penalty Method","Constraint 2","F2 Schwefel Function","true","filename.txt","8","1","10","600","0.49949604594188285","600"
"332","None","0.5","filename.txt","1","Best found","0.5","Penalty Method","Constraint 2","F2 Schwefel Function","true","filename.txt","8","1","10","600","0.4985747159207934","600"
"333","None","0.5","filename.txt","1","Best found","0.5","Penalty Method","Constraint 2","F2 Schwefel Function","true","filename.txt","8","1","10","14","0.5","15"
"334","None","0.5","filename.txt","1","Best found","0.5","Penalty Method","Constraint 2","F2 Schwefel Function","true","filename.txt","8","1","10","600","0.49949604594188285","600"
"335","None","0.5","filename.txt","1","Best found","0.5","Penalty Method","Constraint 2","F2 Schwefel Function","true","filename.txt","8","1","10","9","0.5","10"
"336","None","0.5","filename.txt","1","Best found","0.5","Penalty Method","Constraint 2","F2 Schwefel Function","true","filename.txt","8","1","10","600","0.4979341096159179","600"
"337","None","0.5","filename.txt","1","Best found","0.5","Penalty Method","Constraint 2","F2 Schwefel Function","true","filename.txt","8","1","10","600","0.49949604594188285","600"
"338","None","0.5","filename.txt","1","Best found","0.5","Penalty Method","Constraint 2","F2 Schwefel Function","true","filename.txt","8","1","10","600","0.43521915385251286","600"
"339","None","0.5","filename.txt","1","Best found","0.5","Penalty Method","Constraint 2","F2 Schwefel Function","true","filename.txt","8","1","10","600","0.49949604594188285","600"
"340","None","0.5","filename.txt","1","Best found","0.5","Penalty Method","Constraint 2","F2 Schwefel Function","true","filename.txt","8","1","10","393","0.5","394"
"341","None","0.5","filename.txt","1","Best found","0.5","Penalty Method","Constraint 2","F2 Schwefel Function","true","filename.txt","8","1","10","600","0.49949604594188285","600"
"342","None","0.5","filename.txt","1","Best found","0.5","Penalty Method","Constraint 2","F2 Schwefel Function","true","filename.txt","8","1","10","600","0.4854140330275858","600"
"343","None","0.5","filename.txt","1","Best found","0.5","Penalty Method","Constraint 2","F2 Schwefel Function","true","filename.txt","8","1","10","600","0.4677042796334642","600"
"344","None","0.5","filename.txt","1","Best found","0.5","Penalty Method","Constraint 2","F2 Schwefel Function","true","filename.txt","8","1","10","600","0.49894373031657924","600"
"345","None","0.5","filename.txt","1","Best found","0.5","Penalty Method","Constraint 2","F2 Schwefel Function","true","filename.txt","8","1","10","600","0.4992553702770012","600"
"346","None","0.5","filename.txt","1","Best found","0.5","Penalty Method","Constraint 2","F2 Schwefel Function","true","filename.txt","8","1","10","600","0.49949604594188285","600"
"347","None","0.5","filename.txt","1","Best found","0.5","Penalty Method","Constraint 2","F2 Schwefel Function","true","filename.txt","8","1","10","600","0.49664998278706","600"
"348","None","0.5","filename.txt","1","Best found","0.5","Penalty Method","Constraint 2","F2 Schwefel Function","true","filename.txt","8","1","10","600","0.49949604594188285","600"
"349","None","0.5","filename.txt","1","Best found","0.5","Penalty Method","Constraint 2","F2 Schwefel Function","true","filename.txt","8","1","10","600","0.49949604594188285","600"
"350","None","0.5","filename.txt","1","Best found","0.5","Penalty Method","Constraint 2","F2 Schwefel Function","true","filename.txt","8","1","10","600","0.49881539158567506","600"
"351","None","0.5","filename.txt","1","Best found","0.5","Penalty Method","Constraint 2","F2 Schwefel Function","true","filename.txt","8","1","10","16","0.5","17"
"352","None","0.5","filename.txt","1","Best found","0.5","Penalty Method","Constraint 2","F2 Schwefel Function","true","filename.txt","8","1","10","600","0.49949604594188285","600"
"353","None","0.5","filename.txt","1","Best found","0.5","Penalty Method","Constraint 2","F2 Schwefel Function","true","filename.txt","8","1","10","600","0.49949604594188285","600"
"354","None","0.5","filename.txt","1","Best found","0.5","Penalty Method","Constraint 2","F2 Schwefel Function","true","filename.txt","8","1","10","13","0.5","14"
"355","None","0.5","filename.txt","1","Best found","0.5","Penalty Method","Constraint 2","F2 Schwefel Function","true","filename.txt","8","1","10","600","0.49881539158567506","600"
"356","None","0.5","filename.txt","1","Best found","0.5","Penalty Method","Constraint 2","F2 Schwefel Function","true","filename.txt","8","1","10","600","0.473517986230642","600"
"357","None","0.5","filename.txt","1","Best found","0.5","Penalty Method","Constraint 2","F2 Schwefel Function","true","filename.txt","8","1","10","600","0.49949604594188285","600"
"358","None","0.5","filename.txt","1","Best found","0.5","Penalty Method","Constraint 2","F2 Schwefel Function","true","filename.txt","8","1","10","600","0.4970127795948285","600"
"360","None","0.5","filename.txt","1","Best found","0.5","Penalty Method","Constraint 2","F2 Schwefel Function","true","filename.txt","8","1","10","13","0.5","14"
"359","None","0.5","filename.txt","1","Best found","0.5","Penalty Method","Constraint 2","F2 Schwefel Function","true","filename.txt","8","1","10","600","0.44932486692398427","600"
"361","None","0.5","filename.txt","1","Best found","0.5","Penalty Method","Constraint 2","F2 Schwefel Function","true","filename.txt","8","1","10","600","0.4941582965300868","600"
"362","None","0.5","filename.txt","1","Best found","0.5","Penalty Method","Constraint 2","F2 Schwefel Function","true","filename.txt","8","1","10","600","0.39287130473879767","600"
"364","None","0.5","filename.txt","1","Best found","0.5","Penalty Method","Constraint 2","F2 Schwefel Function","true","filename.txt","8","1","10","600","0.4992553702770012","600"
"363","None","0.5","filename.txt","1","Best found","0.5","Penalty Method","Constraint 2","F2 Schwefel Function","true","filename.txt","8","1","10","600","0.49949604594188285","600"
"365","None","0.5","filename.txt","1","Best found","0.5","Penalty Method","Constraint 2","F2 Schwefel Function","true","filename.txt","8","1","10","600","0.3356007851206403","600"
"366","None","0.5","filename.txt","1","Best found","0.5","Penalty Method","Constraint 2","F2 Schwefel Function","true","filename.txt","8","1","10","600","0.49949604594188285","600"
"367","None","0.5","filename.txt","1","Best found","0.5","Penalty Method","Constraint 2","F2 Schwefel Function","true","filename.txt","8","1","10","13","0.5","14"
"368","None","0.5","filename.txt","1","Best found","0.5","Penalty Method","Constraint 2","F2 Schwefel Function","true","filename.txt","8","1","10","600","0.49881539158567506","600"
"369","None","0.5","filename.txt","1","Best found","0.5","Penalty Method","Constraint 2","F2 Schwefel Function","true","filename.txt","8","1","10","600","0.4992553702770012","600"
"370","None","0.5","filename.txt","1","Best found","0.5","Penalty Method","Constraint 2","F2 Schwefel Function","true","filename.txt","8","1","10","600","0.49949604594188285","600"
"374","None","0.5","filename.txt","1","Best found","0.5","Penalty Method","Constraint 2","F2 Schwefel Function","true","filename.txt","8","1","10","600","0.4691779092037381","600"
"372","None","0.5","filename.txt","1","Best found","0.5","Penalty Method","Constraint 2","F2 Schwefel Function","true","filename.txt","8","1","10","13","0.5","14"
"371","None","0.5","filename.txt","1","Best found","0.5","Penalty Method","Constraint 2","F2 Schwefel Function","true","filename.txt","8","1","10","600","0.49949604594188285","600"
"373","None","0.5","filename.txt","1","Best found","0.5","Penalty Method","Constraint 2","F2 Schwefel Function","true","filename.txt","8","1","10","600","0.48967208314653266","600"
"375","None","0.5","filename.txt","1","Best found","0.5","Penalty Method","Constraint 2","F2 Schwefel Function","true","filename.txt","8","1","10","600","0.497475528808","600"
"376","None","0.5","filename.txt","1","Best found","0.5","Penalty Method","Constraint 2","F2 Schwefel Function","true","filename.txt","8","1","10","600","0.49949604594188285","600"
"377","None","0.5","filename.txt","1","Best found","0.5","Penalty Method","Constraint 2","F2 Schwefel Function","true","filename.txt","8","1","10","600","0.49949604594188285","600"
"379","None","0.5","filename.txt","1","Best found","0.5","Penalty Method","Constraint 2","F2 Schwefel Function","true","filename.txt","8","1","10","600","0.44727705657992783","600"
"381","None","0.5","filename.txt","1","Best found","0.5","Penalty Method","Constraint 2","F2 Schwefel Function","true","filename.txt","8","1","10","15","0.5","16"
"378","None","0.5","filename.txt","1","Best found","0.5","Penalty Method","Constraint 2","F2 Schwefel Function","true","filename.txt","8","1","10","600","0.46978951704379884","600"
"380","None","0.5","filename.txt","1","Best found","0.5","Penalty Method","Constraint 2","F2 Schwefel Function","true","filename.txt","8","1","10","600","0.4978940615645856","600"
"382","None","0.5","filename.txt","1","Best found","0.5","Penalty Method","Constraint 2","F2 Schwefel Function","true","filename.txt","8","1","10","600","0.49949604594188285","600"
"383","None","0.5","filename.txt","1","Best found","0.5","Penalty Method","Constraint 2","F2 Schwefel Function","true","filename.txt","8","1","10","19","0.5","20"
"384","None","0.5","filename.txt","1","Best found","0.5","Penalty Method","Constraint 2","F2 Schwefel Function","true","filename.txt","8","1","10","11","0.5","12"
"385","None","0.5","filename.txt","1","Best found","0.5","Penalty Method","Constraint 2","F2 Schwefel Function","true","filename.txt","8","1","10","600","0.49949604594188285","600"
"386","None","0.5","filename.txt","1","Best found","0.5","Penalty Method","Constraint 2","F2 Schwefel Function","true","filename.txt","8","1","10","600","0.49949604594188285","600"
"388","None","0.5","filename.txt","1","Best found","0.5","Penalty Method","Constraint 2","F2 Schwefel Function","true","filename.txt","8","1","10","600","0.49949604594188285","600"
"390","None","0.5","filename.txt","1","Best found","0.5","Penalty Method","Constraint 2","F2 Schwefel Function","true","filename.txt","8","1","10","10","0.5","11"
"389","None","0.5","filename.txt","1","Best found","0.5","Penalty Method","Constraint 2","F2 Schwefel Function","true","filename.txt","8","1","10","17","0.5","18"
"387","None","0.5","filename.txt","1","Best found","0.5","Penalty Method","Constraint 2","F2 Schwefel Function","true","filename.txt","8","1","10","600","0.4535146161266427","600"
"391","None","0.5","filename.txt","1","Best found","0.5","Penalty Method","Constraint 2","F2 Schwefel Function","true","filename.txt","8","1","10","600","0.48045180823412614","600"
"392","None","0.5","filename.txt","1","Best found","0.5","Penalty Method","Constraint 2","F2 Schwefel Function","true","filename.txt","8","1","10","12","0.5","13"
"393","None","0.5","filename.txt","1","Best found","0.5","Penalty Method","Constraint 2","F2 Schwefel Function","true","filename.txt","8","1","10","600","0.48134446429060657","600"
"394","None","0.5","filename.txt","1","Best found","0.5","Penalty Method","Constraint 2","F2 Schwefel Function","true","filename.txt","8","1","10","17","0.5","18"
"395","None","0.5","filename.txt","1","Best found","0.5","Penalty Method","Constraint 2","F2 Schwefel Function","true","filename.txt","8","1","10","600","0.47466534601423915","600"
"396","None","0.5","filename.txt","1","Best found","0.5","Penalty Method","Constraint 2","F2 Schwefel Function","true","filename.txt","8","1","10","600","0.4992553702770012","600"
"397","None","0.5","filename.txt","1","Best found","0.5","Penalty Method","Constraint 2","F2 Schwefel Function","true","filename.txt","8","1","10","600","0.49881539158567506","600"
"398","None","0.5","filename.txt","1","Best found","0.5","Penalty Method","Constraint 2","F2 Schwefel Function","true","filename.txt","8","1","10","600","0.3912811224704725","600"
"400","None","0.5","filename.txt","1","Best found","0.5","Penalty Method","Constraint 2","F2 Schwefel Function","true","filename.txt","8","1","10","16","0.5","17"
"399","None","0.5","filename.txt","1","Best found","0.5","Penalty Method","Constraint 2","F2 Schwefel Function","true","filename.txt","8","1","10","600","0.4325213454143324","600"
"402","None","0.5","filename.txt","1","Best found","0.5","Penalty Method","Constraint 2","F2 Schwefel Function","true","filename.txt","10","1","10","12","0.5","13"
"401","None","0.5","filename.txt","1","Best found","0.5","Penalty Method","Constraint 2","F2 Schwefel Function","true","filename.txt","10","1","10","600","0.49949604594188285","600"
"404","None","0.5","filename.txt","1","Best found","0.5","Penalty Method","Constraint 2","F2 Schwefel Function","true","filename.txt","10","1","10","9","0.5","10"
"403","None","0.5","filename.txt","1","Best found","0.5","Penalty Method","Constraint 2","F2 Schwefel Function","true","filename.txt","10","1","10","18","0.5","19"
"406","None","0.5","filename.txt","1","Best found","0.5","Penalty Method","Constraint 2","F2 Schwefel Function","true","filename.txt","10","1","10","16","0.5","17"
"405","None","0.5","filename.txt","1","Best found","0.5","Penalty Method","Constraint 2","F2 Schwefel Function","true","filename.txt","10","1","10","600","0.49949604594188285","600"
"407","None","0.5","filename.txt","1","Best found","0.5","Penalty Method","Constraint 2","F2 Schwefel Function","true","filename.txt","10","1","10","26","0.5","27"
"408","None","0.5","filename.txt","1","Best found","0.5","Penalty Method","Constraint 2","F2 Schwefel Function","true","filename.txt","10","1","10","600","0.49949604594188285","600"
"409","None","0.5","filename.txt","1","Best found","0.5","Penalty Method","Constraint 2","F2 Schwefel Function","true","filename.txt","10","1","10","19","0.5","20"
"410","None","0.5","filename.txt","1","Best found","0.5","Penalty Method","Constraint 2","F2 Schwefel Function","true","filename.txt","10","1","10","600","0.44727705657992783","600"
"411","None","0.5","filename.txt","1","Best found","0.5","Penalty Method","Constraint 2","F2 Schwefel Function","true","filename.txt","10","1","10","10","0.5","11"
"413","None","0.5","filename.txt","1","Best found","0.5","Penalty Method","Constraint 2","F2 Schwefel Function","true","filename.txt","10","1","10","19","0.5","20"
"412","None","0.5","filename.txt","1","Best found","0.5","Penalty Method","Constraint 2","F2 Schwefel Function","true","filename.txt","10","1","10","600","0.49949604594188285","600"
"414","None","0.5","filename.txt","1","Best found","0.5","Penalty Method","Constraint 2","F2 Schwefel Function","true","filename.txt","10","1","10","600","0.473517986230642","600"
"415","None","0.5","filename.txt","1","Best found","0.5","Penalty Method","Constraint 2","F2 Schwefel Function","true","filename.txt","10","1","10","17","0.5","18"
"417","None","0.5","filename.txt","1","Best found","0.5","Penalty Method","Constraint 2","F2 Schwefel Function","true","filename.txt","10","1","10","600","0.3603886980165802","600"
"416","None","0.5","filename.txt","1","Best found","0.5","Penalty Method","Constraint 2","F2 Schwefel Function","true","filename.txt","10","1","10","600","0.49949604594188285","600"
"418","None","0.5","filename.txt","1","Best found","0.5","Penalty Method","Constraint 2","F2 Schwefel Function","true","filename.txt","10","1","10","600","0.4976934339510362","600"
"419","None","0.5","filename.txt","1","Best found","0.5","Penalty Method","Constraint 2","F2 Schwefel Function","true","filename.txt","10","1","10","600","0.49949604594188285","600"
"421","None","0.5","filename.txt","1","Best found","0.5","Penalty Method","Constraint 2","F2 Schwefel Function","true","filename.txt","10","1","10","11","0.5","12"
"420","None","0.5","filename.txt","1","Best found","0.5","Penalty Method","Constraint 2","F2 Schwefel Function","true","filename.txt","10","1","10","600","0.49451278961192535","600"
"422","None","0.5","filename.txt","1","Best found","0.5","Penalty Method","Constraint 2","F2 Schwefel Function","true","filename.txt","10","1","10","600","0.49089690985417633","600"
"423","None","0.5","filename.txt","1","Best found","0.5","Penalty Method","Constraint 2","F2 Schwefel Function","true","filename.txt","10","1","10","12","0.5","13"
"424","None","0.5","filename.txt","1","Best found","0.5","Penalty Method","Constraint 2","F2 Schwefel Function","true","filename.txt","10","1","10","600","0.49949604594188285","600"
"425","None","0.5","filename.txt","1","Best found","0.5","Penalty Method","Constraint 2","F2 Schwefel Function","true","filename.txt","10","1","10","600","0.497475528808","600"
"426","None","0.5","filename.txt","1","Best found","0.5","Penalty Method","Constraint 2","F2 Schwefel Function","true","filename.txt","10","1","10","16","0.5","17"
"427","None","0.5","filename.txt","1","Best found","0.5","Penalty Method","Constraint 2","F2 Schwefel Function","true","filename.txt","10","1","10","600","0.49949604594188285","600"
"428","None","0.5","filename.txt","1","Best found","0.5","Penalty Method","Constraint 2","F2 Schwefel Function","true","filename.txt","10","1","10","600","0.49949604594188285","600"
"429","None","0.5","filename.txt","1","Best found","0.5","Penalty Method","Constraint 2","F2 Schwefel Function","true","filename.txt","10","1","10","12","0.5","13"
"430","None","0.5","filename.txt","1","Best found","0.5","Penalty Method","Constraint 2","F2 Schwefel Function","true","filename.txt","10","1","10","11","0.5","12"
"431","None","0.5","filename.txt","1","Best found","0.5","Penalty Method","Constraint 2","F2 Schwefel Function","true","filename.txt","10","1","10","600","0.49949604594188285","600"
"432","None","0.5","filename.txt","1","Best found","0.5","Penalty Method","Constraint 2","F2 Schwefel Function","true","filename.txt","10","1","10","600","0.4500096919332225","600"
"433","None","0.5","filename.txt","1","Best found","0.5","Penalty Method","Constraint 2","F2 Schwefel Function","true","filename.txt","10","1","10","23","0.5","24"
"434","None","0.5","filename.txt","1","Best found","0.5","Penalty Method","Constraint 2","F2 Schwefel Function","true","filename.txt","10","1","10","600","0.4950880464610951","600"
"436","None","0.5","filename.txt","1","Best found","0.5","Penalty Method","Constraint 2","F2 Schwefel Function","true","filename.txt","10","1","10","8","0.5","9"
"435","None","0.5","filename.txt","1","Best found","0.5","Penalty Method","Constraint 2","F2 Schwefel Function","true","filename.txt","10","1","10","600","0.49949604594188285","600"
"437","None","0.5","filename.txt","1","Best found","0.5","Penalty Method","Constraint 2","F2 Schwefel Function","true","filename.txt","10","1","10","600","0.49949604594188285","600"
"438","None","0.5","filename.txt","1","Best found","0.5","Penalty Method","Constraint 2","F2 Schwefel Function","true","filename.txt","10","1","10","600","0.49949604594188285","600"
"439","None","0.5","filename.txt","1","Best found","0.5","Penalty Method","Constraint 2","F2 Schwefel Function","true","filename.txt","10","1","10","600","0.4764010959338631","600"
"440","None","0.5","filename.txt","1","Best found","0.5","Penalty Method","Constraint 2","F2 Schwefel Function","true","filename.txt","10","1","10","600","0.47808279354565103","600"
"441","None","0.5","filename.txt","1","Best found","0.5","Penalty Method","Constraint 2","F2 Schwefel Function","true","filename.txt","10","1","10","11","0.5","12"
"442","None","0.5","filename.txt","1","Best found","0.5","Penalty Method","Constraint 2","F2 Schwefel Function","true","filename.txt","10","1","10","12","0.5","13"
"444","None","0.5","filename.txt","1","Best found","0.5","Penalty Method","Constraint 2","F2 Schwefel Function","true","filename.txt","10","1","10","14","0.5","15"
"443","None","0.5","filename.txt","1","Best found","0.5","Penalty Method","Constraint 2","F2 Schwefel Function","true","filename.txt","10","1","10","600","0.45732346299955884","600"
"445","None","0.5","filename.txt","1","Best found","0.5","Penalty Method","Constraint 2","F2 Schwefel Function","true","filename.txt","10","1","10","16","0.5","17"
"446","None","0.5","filename.txt","1","Best found","0.5","Penalty Method","Constraint 2","F2 Schwefel Function","true","filename.txt","10","1","10","6","0.5","7"
"447","None","0.5","filename.txt","1","Best found","0.5","Penalty Method","Constraint 2","F2 Schwefel Function","true","filename.txt","10","1","10","18","0.5","19"
"448","None","0.5","filename.txt","1","Best found","0.5","Penalty Method","Constraint 2","F2 Schwefel Function","true","filename.txt","10","1","10","600","0.4992553702770012","600"
"450","None","0.5","filename.txt","1","Best found","0.5","Penalty Method","Constraint 2","F2 Schwefel Function","true","filename.txt","10","1","10","12","0.5","13"
"449","None","0.5","filename.txt","1","Best found","0.5","Penalty Method","Constraint 2","F2 Schwefel Function","true","filename.txt","10","1","10","600","0.47252277417956334","600"
"451","None","0.5","filename.txt","1","Best found","0.5","Penalty Method","Constraint 2","F2 Schwefel Function","true","filename.txt","10","1","10","13","0.5","14"
"452","None","0.5","filename.txt","1","Best found","0.5","Penalty Method","Constraint 2","F2 Schwefel Function","true","filename.txt","10","1","10","600","0.497475528808","600"
"453","None","0.5","filename.txt","1","Best found","0.5","Penalty Method","Constraint 2","F2 Schwefel Function","true","filename.txt","10","1","10","600","0.4587666816706852","600"
"454","None","0.5","filename.txt","1","Best found","0.5","Penalty Method","Constraint 2","F2 Schwefel Function","true","filename.txt","10","1","10","600","0.4940445952971189","600"
"457","None","0.5","filename.txt","1","Best found","0.5","Penalty Method","Constraint 2","F2 Schwefel Function","true","filename.txt","10","1","10","9","0.5","10"
"456","None","0.5","filename.txt","1","Best found","0.5","Penalty Method","Constraint 2","F2 Schwefel Function","true","filename.txt","10","1","10","600","0.49949604594188285","600"
"455","None","0.5","filename.txt","1","Best found","0.5","Penalty Method","Constraint 2","F2 Schwefel Function","true","filename.txt","10","1","10","600","0.49949604594188285","600"
"458","None","0.5","filename.txt","1","Best found","0.5","Penalty Method","Constraint 2","F2 Schwefel Function","true","filename.txt","10","1","10","600","0.49826307596037145","600"
"459","None","0.5","filename.txt","1","Best found","0.5","Penalty Method","Constraint 2","F2 Schwefel Function","true","filename.txt","10","1","10","600","0.4637394107019669","600"
"460","None","0.5","filename.txt","1","Best found","0.5","Penalty Method","Constraint 2","F2 Schwefel Function","true","filename.txt","10","1","10","600","0.4460242600361147","600"
"461","None","0.5","filename.txt","1","Best found","0.5","Penalty Method","Constraint 2","F2 Schwefel Function","true","filename.txt","10","1","10","600","0.47801015899388105","600"
"462","None","0.5","filename.txt","1","Best found","0.5","Penalty Method","Constraint 2","F2 Schwefel Function","true","filename.txt","10","1","10","17","0.5","18"
"464","None","0.5","filename.txt","1","Best found","0.5","Penalty Method","Constraint 2","F2 Schwefel Function","true","filename.txt","10","1","10","10","0.5","11"
"465","None","0.5","filename.txt","1","Best found","0.5","Penalty Method","Constraint 2","F2 Schwefel Function","true","filename.txt","10","1","10","14","0.5","15"
"463","None","0.5","filename.txt","1","Best found","0.5","Penalty Method","Constraint 2","F2 Schwefel Function","true","filename.txt","10","1","10","600","0.49949604594188285","600"
"466","None","0.5","filename.txt","1","Best found","0.5","Penalty Method","Constraint 2","F2 Schwefel Function","true","filename.txt","10","1","10","9","0.5","10"
"467","None","0.5","filename.txt","1","Best found","0.5","Penalty Method","Constraint 2","F2 Schwefel Function","true","filename.txt","10","1","10","600","0.49949604594188285","600"
"468","None","0.5","filename.txt","1","Best found","0.5","Penalty Method","Constraint 2","F2 Schwefel Function","true","filename.txt","10","1","10","600","0.4970127795948285","600"
"469","None","0.5","filename.txt","1","Best found","0.5","Penalty Method","Constraint 2","F2 Schwefel Function","true","filename.txt","10","1","10","600","0.49242445777222943","600"
"470","None","0.5","filename.txt","1","Best found","0.5","Penalty Method","Constraint 2","F2 Schwefel Function","true","filename.txt","10","1","10","22","0.5","23"
"471","None","0.5","filename.txt","1","Best found","0.5","Penalty Method","Constraint 2","F2 Schwefel Function","true","filename.txt","10","1","10","600","0.4970127795948285","600"
"472","None","0.5","filename.txt","1","Best found","0.5","Penalty Method","Constraint 2","F2 Schwefel Function","true","filename.txt","10","1","10","600","0.49089690985417633","600"
"473","None","0.5","filename.txt","1","Best found","0.5","Penalty Method","Constraint 2","F2 Schwefel Function","true","filename.txt","10","1","10","600","0.492861212443604","600"
"474","None","0.5","filename.txt","1","Best found","0.5","Penalty Method","Constraint 2","F2 Schwefel Function","true","filename.txt","10","1","10","19","0.5","20"
"475","None","0.5","filename.txt","1","Best found","0.5","Penalty Method","Constraint 2","F2 Schwefel Function","true","filename.txt","10","1","10","9","0.5","10"
"476","None","0.5","filename.txt","1","Best found","0.5","Penalty Method","Constraint 2","F2 Schwefel Function","true","filename.txt","10","1","10","12","0.5","13"
"477","None","0.5","filename.txt","1","Best found","0.5","Penalty Method","Constraint 2","F2 Schwefel Function","true","filename.txt","10","1","10","600","0.49949604594188285","600"
"478","None","0.5","filename.txt","1","Best found","0.5","Penalty Method","Constraint 2","F2 Schwefel Function","true","filename.txt","10","1","10","15","0.5","16"
"479","None","0.5","filename.txt","1","Best found","0.5","Penalty Method","Constraint 2","F2 Schwefel Function","true","filename.txt","10","1","10","600","0.491677829590089","600"
"481","None","0.5","filename.txt","1","Best found","0.5","Penalty Method","Constraint 2","F2 Schwefel Function","true","filename.txt","10","1","10","16","0.5","17"
"482","None","0.5","filename.txt","1","Best found","0.5","Penalty Method","Constraint 2","F2 Schwefel Function","true","filename.txt","10","1","10","600","0.3683493014747752","600"
"480","None","0.5","filename.txt","1","Best found","0.5","Penalty Method","Constraint 2","F2 Schwefel Function","true","filename.txt","10","1","10","600","0.49881539158567506","600"
"483","None","0.5","filename.txt","1","Best found","0.5","Penalty Method","Constraint 2","F2 Schwefel Function","true","filename.txt","10","1","10","18","0.5","19"
"484","None","0.5","filename.txt","1","Best found","0.5","Penalty Method","Constraint 2","F2 Schwefel Function","true","filename.txt","10","1","10","600","0.49949604594188285","600"
"485","None","0.5","filename.txt","1","Best found","0.5","Penalty Method","Constraint 2","F2 Schwefel Function","true","filename.txt","10","1","10","600","0.4626337940602425","600"
"486","None","0.5","filename.txt","1","Best found","0.5","Penalty Method","Constraint 2","F2 Schwefel Function","true","filename.txt","10","1","10","16","0.5","17"
"487","None","0.5","filename.txt","1","Best found","0.5","Penalty Method","Constraint 2","F2 Schwefel Function","true","filename.txt","10","1","10","8","0.5","9"
"488","None","0.5","filename.txt","1","Best found","0.5","Penalty Method","Constraint 2","F2 Schwefel Function","true","filename.txt","10","1","10","600","0.49949604594188285","600"
"491","None","0.5","filename.txt","1","Best found","0.5","Penalty Method","Constraint 2","F2 Schwefel Function","true","filename.txt","10","1","10","16","0.5","17"
"489","None","0.5","filename.txt","1","Best found","0.5","Penalty Method","Constraint 2","F2 Schwefel Function","true","filename.txt","10","1","10","600","0.49949604594188285","600"
"490","None","0.5","filename.txt","1","Best found","0.5","Penalty Method","Constraint 2","F2 Schwefel Function","true","filename.txt","10","1","10","600","0.49881539158567506","600"
"492","None","0.5","filename.txt","1","Best found","0.5","Penalty Method","Constraint 2","F2 Schwefel Function","true","filename.txt","10","1","10","11","0.5","12"
"493","None","0.5","filename.txt","1","Best found","0.5","Penalty Method","Constraint 2","F2 Schwefel Function","true","filename.txt","10","1","10","600","0.49949604594188285","600"
"494","None","0.5","filename.txt","1","Best found","0.5","Penalty Method","Constraint 2","F2 Schwefel Function","true","filename.txt","10","1","10","600","0.47150831194453147","600"
"495","None","0.5","filename.txt","1","Best found","0.5","Penalty Method","Constraint 2","F2 Schwefel Function","true","filename.txt","10","1","10","600","0.49949604594188285","600"
"496","None","0.5","filename.txt","1","Best found","0.5","Penalty Method","Constraint 2","F2 Schwefel Function","true","filename.txt","10","1","10","15","0.5","16"
"497","None","0.5","filename.txt","1","Best found","0.5","Penalty Method","Constraint 2","F2 Schwefel Function","true","filename.txt","10","1","10","600","0.4965942468382429","600"
"498","None","0.5","filename.txt","1","Best found","0.5","Penalty Method","Constraint 2","F2 Schwefel Function","true","filename.txt","10","1","10","600","0.49949604594188285","600"
"499","None","0.5","filename.txt","1","Best found","0.5","Penalty Method","Constraint 2","F2 Schwefel Function","true","filename.txt","10","1","10","600","0.4798169163725534","600"
"500","None","0.5","filename.txt","1","Best found","0.5","Penalty Method","Constraint 2","F2 Schwefel Function","true","filename.txt","10","1","10","600","0.4584802682627621","600"
"501","None","0.5","filename.txt","1","Best found","0.5","Penalty Method","Constraint 2","F2 Schwefel Function","true","filename.txt","12","1","10","11","0.5","12"
"502","None","0.5","filename.txt","1","Best found","0.5","Penalty Method","Constraint 2","F2 Schwefel Function","true","filename.txt","12","1","10","14","0.5","15"
"503","None","0.5","filename.txt","1","Best found","0.5","Penalty Method","Constraint 2","F2 Schwefel Function","true","filename.txt","12","1","10","600","0.49949604594188285","600"
"505","None","0.5","filename.txt","1","Best found","0.5","Penalty Method","Constraint 2","F2 Schwefel Function","true","filename.txt","12","1","10","14","0.5","15"
"504","None","0.5","filename.txt","1","Best found","0.5","Penalty Method","Constraint 2","F2 Schwefel Function","true","filename.txt","12","1","10","600","0.49949604594188285","600"
"506","None","0.5","filename.txt","1","Best found","0.5","Penalty Method","Constraint 2","F2 Schwefel Function","true","filename.txt","12","1","10","600","0.4992553702770012","600"
"507","None","0.5","filename.txt","1","Best found","0.5","Penalty Method","Constraint 2","F2 Schwefel Function","true","filename.txt","12","1","10","600","0.48134446429060657","600"
"509","None","0.5","filename.txt","1","Best found","0.5","Penalty Method","Constraint 2","F2 Schwefel Function","true","filename.txt","12","1","10","20","0.5","21"
"508","None","0.5","filename.txt","1","Best found","0.5","Penalty Method","Constraint 2","F2 Schwefel Function","true","filename.txt","12","1","10","14","0.5","15"
"510","None","0.5","filename.txt","1","Best found","0.5","Penalty Method","Constraint 2","F2 Schwefel Function","true","filename.txt","12","1","10","600","0.48611147606768385","600"
"511","None","0.5","filename.txt","1","Best found","0.5","Penalty Method","Constraint 2","F2 Schwefel Function","true","filename.txt","12","1","10","600","0.47252277417956334","600"
"513","None","0.5","filename.txt","1","Best found","0.5","Penalty Method","Constraint 2","F2 Schwefel Function","true","filename.txt","12","1","10","15","0.5","16"
"512","None","0.5","filename.txt","1","Best found","0.5","Penalty Method","Constraint 2","F2 Schwefel Function","true","filename.txt","12","1","10","600","0.4460242600361147","600"
"515","None","0.5","filename.txt","1","Best found","0.5","Penalty Method","Constraint 2","F2 Schwefel Function","true","filename.txt","12","1","10","15","0.5","16"
"514","None","0.5","filename.txt","1","Best found","0.5","Penalty Method","Constraint 2","F2 Schwefel Function","true","filename.txt","12","1","10","600","0.491677829590089","600"
"517","None","0.5","filename.txt","1","Best found","0.5","Penalty Method","Constraint 2","F2 Schwefel Function","true","filename.txt","12","1","10","600","0.4992553702770012","600"
"516","None","0.5","filename.txt","1","Best found","0.5","Penalty Method","Constraint 2","F2 Schwefel Function","true","filename.txt","12","1","10","600","0.48221514013018785","600"
"518","None","0.5","filename.txt","1","Best found","0.5","Penalty Method","Constraint 2","F2 Schwefel Function","true","filename.txt","12","1","10","600","0.4961314976250713","600"
"519","None","0.5","filename.txt","1","Best found","0.5","Penalty Method","Constraint 2","F2 Schwefel Function","true","filename.txt","12","1","10","10","0.5","11"
"520","None","0.5","filename.txt","1","Best found","0.5","Penalty Method","Constraint 2","F2 Schwefel Function","true","filename.txt","12","1","10","600","0.4910385329051128","600"
"522","None","0.5","filename.txt","1","Best found","0.5","Penalty Method","Constraint 2","F2 Schwefel Function","true","filename.txt","12","1","10","14","0.5","15"
"521","None","0.5","filename.txt","1","Best found","0.5","Penalty Method","Constraint 2","F2 Schwefel Function","true","filename.txt","12","1","10","600","0.49949604594188285","600"
"525","None","0.5","filename.txt","1","Best found","0.5","Penalty Method","Constraint 2","F2 Schwefel Function","true","filename.txt","12","1","10","16","0.5","17"
"523","None","0.5","filename.txt","1","Best found","0.5","Penalty Method","Constraint 2","F2 Schwefel Function","true","filename.txt","12","1","10","600","0.497475528808","600"
"524","None","0.5","filename.txt","1","Best found","0.5","Penalty Method","Constraint 2","F2 Schwefel Function","true","filename.txt","12","1","10","600","0.49949604594188285","600"
"526","None","0.5","filename.txt","1","Best found","0.5","Penalty Method","Constraint 2","F2 Schwefel Function","true","filename.txt","12","1","10","600","0.49949604594188285","600"
"527","None","0.5","filename.txt","1","Best found","0.5","Penalty Method","Constraint 2","F2 Schwefel Function","true","filename.txt","12","1","10","15","0.5","16"
"528","None","0.5","filename.txt","1","Best found","0.5","Penalty Method","Constraint 2","F2 Schwefel Function","true","filename.txt","12","1","10","3","0.5","4"
"530","None","0.5","filename.txt","1","Best found","0.5","Penalty Method","Constraint 2","F2 Schwefel Function","true","filename.txt","12","1","10","14","0.5","15"
"529","None","0.5","filename.txt","1","Best found","0.5","Penalty Method","Constraint 2","F2 Schwefel Function","true","filename.txt","12","1","10","14","0.5","15"
"533","None","0.5","filename.txt","1","Best found","0.5","Penalty Method","Constraint 2","F2 Schwefel Function","true","filename.txt","12","1","10","8","0.5","9"
"531","None","0.5","filename.txt","1","Best found","0.5","Penalty Method","Constraint 2","F2 Schwefel Function","true","filename.txt","12","1","10","600","0.4889473273891953","600"
"532","None","0.5","filename.txt","1","Best found","0.5","Penalty Method","Constraint 2","F2 Schwefel Function","true","filename.txt","12","1","10","600","0.4961314976250713","600"
"534","None","0.5","filename.txt","1","Best found","0.5","Penalty Method","Constraint 2","F2 Schwefel Function","true","filename.txt","12","1","10","12","0.5","13"
"535","None","0.5","filename.txt","1","Best found","0.5","Penalty Method","Constraint 2","F2 Schwefel Function","true","filename.txt","12","1","10","26","0.5","27"
"538","None","0.5","filename.txt","1","Best found","0.5","Penalty Method","Constraint 2","F2 Schwefel Function","true","filename.txt","12","1","10","16","0.5","17"
"537","None","0.5","filename.txt","1","Best found","0.5","Penalty Method","Constraint 2","F2 Schwefel Function","true","filename.txt","12","1","10","17","0.5","18"
"536","None","0.5","filename.txt","1","Best found","0.5","Penalty Method","Constraint 2","F2 Schwefel Function","true","filename.txt","12","1","10","600","0.49949604594188285","600"
"540","None","0.5","filename.txt","1","Best found","0.5","Penalty Method","Constraint 2","F2 Schwefel Function","true","filename.txt","12","1","10","19","0.5","20"
"541","None","0.5","filename.txt","1","Best found","0.5","Penalty Method","Constraint 2","F2 Schwefel Function","true","filename.txt","12","1","10","20","0.5","21"
"539","None","0.5","filename.txt","1","Best found","0.5","Penalty Method","Constraint 2","F2 Schwefel Function","true","filename.txt","12","1","10","600","0.49949604594188285","600"
"542","None","0.5","filename.txt","1","Best found","0.5","Penalty Method","Constraint 2","F2 Schwefel Function","true","filename.txt","12","1","10","5","0.5","6"
"543","None","0.5","filename.txt","1","Best found","0.5","Penalty Method","Constraint 2","F2 Schwefel Function","true","filename.txt","12","1","10","11","0.5","12"
"544","None","0.5","filename.txt","1","Best found","0.5","Penalty Method","Constraint 2","F2 Schwefel Function","true","filename.txt","12","1","10","600","0.4954665999335451","600"
"545","None","0.5","filename.txt","1","Best found","0.5","Penalty Method","Constraint 2","F2 Schwefel Function","true","filename.txt","12","1","10","600","0.49664998278706","600"
"546","None","0.5","filename.txt","1","Best found","0.5","Penalty Method","Constraint 2","F2 Schwefel Function","true","filename.txt","12","1","10","600","0.49949604594188285","600"
"548","None","0.5","filename.txt","1","Best found","0.5","Penalty Method","Constraint 2","F2 Schwefel Function","true","filename.txt","12","1","10","16","0.5","17"
"547","None","0.5","filename.txt","1","Best found","0.5","Penalty Method","Constraint 2","F2 Schwefel Function","true","filename.txt","12","1","10","19","0.5","20"
"549","None","0.5","filename.txt","1","Best found","0.5","Penalty Method","Constraint 2","F2 Schwefel Function","true","filename.txt","12","1","10","600","0.49949604594188285","600"
"551","None","0.5","filename.txt","1","Best found","0.5","Penalty Method","Constraint 2","F2 Schwefel Function","true","filename.txt","12","1","10","600","0.49949604594188285","600"
"550","None","0.5","filename.txt","1","Best found","0.5","Penalty Method","Constraint 2","F2 Schwefel Function","true","filename.txt","12","1","10","600","0.49949604594188285","600"
"553","None","0.5","filename.txt","1","Best found","0.5","Penalty Method","Constraint 2","F2 Schwefel Function","true","filename.txt","12","1","10","600","0.49949604594188285","600"
"552","None","0.5","filename.txt","1","Best found","0.5","Penalty Method","Constraint 2","F2 Schwefel Function","true","filename.txt","12","1","10","600","0.48221514013018785","600"
"554","None","0.5","filename.txt","1","Best found","0.5","Penalty Method","Constraint 2","F2 Schwefel Function","true","filename.txt","12","1","10","600","0.4889473273891953","600"
"556","None","0.5","filename.txt","1","Best found","0.5","Penalty Method","Constraint 2","F2 Schwefel Function","true","filename.txt","12","1","10","600","0.49949604594188285","600"
"555","None","0.5","filename.txt","1","Best found","0.5","Penalty Method","Constraint 2","F2 Schwefel Function","true","filename.txt","12","1","10","600","0.49949604594188285","600"
"557","None","0.5","filename.txt","1","Best found","0.5","Penalty Method","Constraint 2","F2 Schwefel Function","true","filename.txt","12","1","10","600","0.49451278961192535","600"
"559","None","0.5","filename.txt","1","Best found","0.5","Penalty Method","Constraint 2","F2 Schwefel Function","true","filename.txt","12","1","10","600","0.491636910619858","600"
"558","None","0.5","filename.txt","1","Best found","0.5","Penalty Method","Constraint 2","F2 Schwefel Function","true","filename.txt","12","1","10","600","0.4770751105346651","600"
"560","None","0.5","filename.txt","1","Best found","0.5","Penalty Method","Constraint 2","F2 Schwefel Function","true","filename.txt","12","1","10","9","0.5","10"
"561","None","0.5","filename.txt","1","Best found","0.5","Penalty Method","Constraint 2","F2 Schwefel Function","true","filename.txt","12","1","10","20","0.5","21"
"562","None","0.5","filename.txt","1","Best found","0.5","Penalty Method","Constraint 2","F2 Schwefel Function","true","filename.txt","12","1","10","23","0.5","24"
"563","None","0.5","filename.txt","1","Best found","0.5","Penalty Method","Constraint 2","F2 Schwefel Function","true","filename.txt","12","1","10","11","0.5","12"
"564","None","0.5","filename.txt","1","Best found","0.5","Penalty Method","Constraint 2","F2 Schwefel Function","true","filename.txt","12","1","10","13","0.5","14"
"565","None","0.5","filename.txt","1","Best found","0.5","Penalty Method","Constraint 2","F2 Schwefel Function","true","filename.txt","12","1","10","13","0.5","14"
"566","None","0.5","filename.txt","1","Best found","0.5","Penalty Method","Constraint 2","F2 Schwefel Function","true","filename.txt","12","1","10","11","0.5","12"
"567","None","0.5","filename.txt","1","Best found","0.5","Penalty Method","Constraint 2","F2 Schwefel Function","true","filename.txt","12","1","10","16","0.5","17"
"569","None","0.5","filename.txt","1","Best found","0.5","Penalty Method","Constraint 2","F2 Schwefel Function","true","filename.txt","12","1","10","4","0.5","5"
"568","None","0.5","filename.txt","1","Best found","0.5","Penalty Method","Constraint 2","F2 Schwefel Function","true","filename.txt","12","1","10","600","0.48316172935219526","600"
"570","None","0.5","filename.txt","1","Best found","0.5","Penalty Method","Constraint 2","F2 Schwefel Function","true","filename.txt","12","1","10","600","0.49949604594188285","600"
"572","None","0.5","filename.txt","1","Best found","0.5","Penalty Method","Constraint 2","F2 Schwefel Function","true","filename.txt","12","1","10","14","0.5","15"
"571","None","0.5","filename.txt","1","Best found","0.5","Penalty Method","Constraint 2","F2 Schwefel Function","true","filename.txt","12","1","10","600","0.49451278961192535","600"
"573","None","0.5","filename.txt","1","Best found","0.5","Penalty Method","Constraint 2","F2 Schwefel Function","true","filename.txt","12","1","10","9","0.5","10"
"575","None","0.5","filename.txt","1","Best found","0.5","Penalty Method","Constraint 2","F2 Schwefel Function","true","filename.txt","12","1","10","600","0.48134446429060657","600"
"574","None","0.5","filename.txt","1","Best found","0.5","Penalty Method","Constraint 2","F2 Schwefel Function","true","filename.txt","12","1","10","600","0.49949604594188285","600"
"577","None","0.5","filename.txt","1","Best found","0.5","Penalty Method","Constraint 2","F2 Schwefel Function","true","filename.txt","12","1","10","10","0.5","11"
"576","None","0.5","filename.txt","1","Best found","0.5","Penalty Method","Constraint 2","F2 Schwefel Function","true","filename.txt","12","1","10","600","0.4992553702770012","600"
"578","None","0.5","filename.txt","1","Best found","0.5","Penalty Method","Constraint 2","F2 Schwefel Function","true","filename.txt","12","1","10","600","0.4378593363579096","600"
"580","None","0.5","filename.txt","1","Best found","0.5","Penalty Method","Constraint 2","F2 Schwefel Function","true","filename.txt","12","1","10","9","0.5","10"
"579","None","0.5","filename.txt","1","Best found","0.5","Penalty Method","Constraint 2","F2 Schwefel Function","true","filename.txt","12","1","10","600","0.49949604594188285","600"
"581","None","0.5","filename.txt","1","Best found","0.5","Penalty Method","Constraint 2","F2 Schwefel Function","true","filename.txt","12","1","10","600","0.49949604594188285","600"
"582","None","0.5","filename.txt","1","Best found","0.5","Penalty Method","Constraint 2","F2 Schwefel Function","true","filename.txt","12","1","10","16","0.5","17"
"583","None","0.5","filename.txt","1","Best found","0.5","Penalty Method","Constraint 2","F2 Schwefel Function","true","filename.txt","12","1","10","15","0.5","16"
"584","None","0.5","filename.txt","1","Best found","0.5","Penalty Method","Constraint 2","F2 Schwefel Function","true","filename.txt","12","1","10","14","0.5","15"
"585","None","0.5","filename.txt","1","Best found","0.5","Penalty Method","Constraint 2","F2 Schwefel Function","true","filename.txt","12","1","10","600","0.4978940615645856","600"
"587","None","0.5","filename.txt","1","Best found","0.5","Penalty Method","Constraint 2","F2 Schwefel Function","true","filename.txt","12","1","10","11","0.5","12"
"586","None","0.5","filename.txt","1","Best found","0.5","Penalty Method","Constraint 2","F2 Schwefel Function","true","filename.txt","12","1","10","600","0.49949604594188285","600"
"588","None","0.5","filename.txt","1","Best found","0.5","Penalty Method","Constraint 2","F2 Schwefel Function","true","filename.txt","12","1","10","14","0.5","15"
"589","None","0.5","filename.txt","1","Best found","0.5","Penalty Method","Constraint 2","F2 Schwefel Function","true","filename.txt","12","1","10","600","0.4209395510193178","600"
"590","None","0.5","filename.txt","1","Best found","0.5","Penalty Method","Constraint 2","F2 Schwefel Function","true","filename.txt","12","1","10","600","0.49949604594188285","600"
"591","None","0.5","filename.txt","1","Best found","0.5","Penalty Method","Constraint 2","F2 Schwefel Function","true","filename.txt","12","1","10","600","0.49949604594188285","600"
"592","None","0.5","filename.txt","1","Best found","0.5","Penalty Method","Constraint 2","F2 Schwefel Function","true","filename.txt","12","1","10","600","0.4584802682627621","600"
"593","None","0.5","filename.txt","1","Best found","0.5","Penalty Method","Constraint 2","F2 Schwefel Function","true","filename.txt","12","1","10","19","0.5","20"
"595","None","0.5","filename.txt","1","Best found","0.5","Penalty Method","Constraint 2","F2 Schwefel Function","true","filename.txt","12","1","10","600","0.49949604594188285","600"
"594","None","0.5","filename.txt","1","Best found","0.5","Penalty Method","Constraint 2","F2 Schwefel Function","true","filename.txt","12","1","10","600","0.4584802682627621","600"
"596","None","0.5","filename.txt","1","Best found","0.5","Penalty Method","Constraint 2","F2 Schwefel Function","true","filename.txt","12","1","10","600","0.4950880464610951","600"
"597","None","0.5","filename.txt","1","Best found","0.5","Penalty Method","Constraint 2","F2 Schwefel Function","true","filename.txt","12","1","10","600","0.49949604594188285","600"
"598","None","0.5","filename.txt","1","Best found","0.5","Penalty Method","Constraint 2","F2 Schwefel Function","true","filename.txt","12","1","10","15","0.5","16"
"599","None","0.5","filename.txt","1","Best found","0.5","Penalty Method","Constraint 2","F2 Schwefel Function","true","filename.txt","12","1","10","12","0.5","13"
"601","None","0.5","filename.txt","1","Best found","0.5","Penalty Method","Constraint 2","F2 Schwefel Function","true","filename.txt","14","1","10","10","0.5","11"
"600","None","0.5","filename.txt","1","Best found","0.5","Penalty Method","Constraint 2","F2 Schwefel Function","true","filename.txt","12","1","10","18","0.5","19"
"602","None","0.5","filename.txt","1","Best found","0.5","Penalty Method","Constraint 2","F2 Schwefel Function","true","filename.txt","14","1","10","18","0.5","19"
"603","None","0.5","filename.txt","1","Best found","0.5","Penalty Method","Constraint 2","F2 Schwefel Function","true","filename.txt","14","1","10","15","0.5","16"
"604","None","0.5","filename.txt","1","Best found","0.5","Penalty Method","Constraint 2","F2 Schwefel Function","true","filename.txt","14","1","10","14","0.5","15"
"606","None","0.5","filename.txt","1","Best found","0.5","Penalty Method","Constraint 2","F2 Schwefel Function","true","filename.txt","14","1","10","16","0.5","17"
"605","None","0.5","filename.txt","1","Best found","0.5","Penalty Method","Constraint 2","F2 Schwefel Function","true","filename.txt","14","1","10","9","0.5","10"
"607","None","0.5","filename.txt","1","Best found","0.5","Penalty Method","Constraint 2","F2 Schwefel Function","true","filename.txt","14","1","10","17","0.5","18"
"609","None","0.5","filename.txt","1","Best found","0.5","Penalty Method","Constraint 2","F2 Schwefel Function","true","filename.txt","14","1","10","8","0.5","9"
"608","None","0.5","filename.txt","1","Best found","0.5","Penalty Method","Constraint 2","F2 Schwefel Function","true","filename.txt","14","1","10","18","0.5","19"
"610","None","0.5","filename.txt","1","Best found","0.5","Penalty Method","Constraint 2","F2 Schwefel Function","true","filename.txt","14","1","10","16","0.5","17"
"612","None","0.5","filename.txt","1","Best found","0.5","Penalty Method","Constraint 2","F2 Schwefel Function","true","filename.txt","14","1","10","18","0.5","19"
"611","None","0.5","filename.txt","1","Best found","0.5","Penalty Method","Constraint 2","F2 Schwefel Function","true","filename.txt","14","1","10","19","0.5","20"
"613","None","0.5","filename.txt","1","Best found","0.5","Penalty Method","Constraint 2","F2 Schwefel Function","true","filename.txt","14","1","10","15","0.5","16"
"615","None","0.5","filename.txt","1","Best found","0.5","Penalty Method","Constraint 2","F2 Schwefel Function","true","filename.txt","14","1","10","19","0.5","20"
"614","None","0.5","filename.txt","1","Best found","0.5","Penalty Method","Constraint 2","F2 Schwefel Function","true","filename.txt","14","1","10","600","0.473517986230642","600"
"616","None","0.5","filename.txt","1","Best found","0.5","Penalty Method","Constraint 2","F2 Schwefel Function","true","filename.txt","14","1","10","12","0.5","13"
"617","None","0.5","filename.txt","1","Best found","0.5","Penalty Method","Constraint 2","F2 Schwefel Function","true","filename.txt","14","1","10","16","0.5","17"
"619","None","0.5","filename.txt","1","Best found","0.5","Penalty Method","Constraint 2","F2 Schwefel Function","true","filename.txt","14","1","10","11","0.5","12"
"618","None","0.5","filename.txt","1","Best found","0.5","Penalty Method","Constraint 2","F2 Schwefel Function","true","filename.txt","14","1","10","600","0.4529896299149483","600"
"620","None","0.5","filename.txt","1","Best found","0.5","Penalty Method","Constraint 2","F2 Schwefel Function","true","filename.txt","14","1","10","600","0.49949604594188285","600"
"621","None","0.5","filename.txt","1","Best found","0.5","Penalty Method","Constraint 2","F2 Schwefel Function","true","filename.txt","14","1","10","5","0.5","6"
"623","None","0.5","filename.txt","1","Best found","0.5","Penalty Method","Constraint 2","F2 Schwefel Function","true","filename.txt","14","1","10","20","0.5","21"
"622","None","0.5","filename.txt","1","Best found","0.5","Penalty Method","Constraint 2","F2 Schwefel Function","true","filename.txt","14","1","10","600","0.4889473273891953","600"
"625","None","0.5","filename.txt","1","Best found","0.5","Penalty Method","Constraint 2","F2 Schwefel Function","true","filename.txt","14","1","10","12","0.5","13"
"624","None","0.5","filename.txt","1","Best found","0.5","Penalty Method","Constraint 2","F2 Schwefel Function","true","filename.txt","14","1","10","16","0.5","17"
"626","None","0.5","filename.txt","1","Best found","0.5","Penalty Method","Constraint 2","F2 Schwefel Function","true","filename.txt","14","1","10","23","0.5","24"
"628","None","0.5","filename.txt","1","Best found","0.5","Penalty Method","Constraint 2","F2 Schwefel Function","true","filename.txt","14","1","10","10","0.5","11"
"627","None","0.5","filename.txt","1","Best found","0.5","Penalty Method","Constraint 2","F2 Schwefel Function","true","filename.txt","14","1","10","13","0.5","14"
"630","None","0.5","filename.txt","1","Best found","0.5","Penalty Method","Constraint 2","F2 Schwefel Function","true","filename.txt","14","1","10","17","0.5","18"
"629","None","0.5","filename.txt","1","Best found","0.5","Penalty Method","Constraint 2","F2 Schwefel Function","true","filename.txt","14","1","10","600","0.49949604594188285","600"
"631","None","0.5","filename.txt","1","Best found","0.5","Penalty Method","Constraint 2","F2 Schwefel Function","true","filename.txt","14","1","10","600","0.49949604594188285","600"
"633","None","0.5","filename.txt","1","Best found","0.5","Penalty Method","Constraint 2","F2 Schwefel Function","true","filename.txt","14","1","10","10","0.5","11"
"632","None","0.5","filename.txt","1","Best found","0.5","Penalty Method","Constraint 2","F2 Schwefel Function","true","filename.txt","14","1","10","600","0.49894373031657924","600"
"634","None","0.5","filename.txt","1","Best found","0.5","Penalty Method","Constraint 2","F2 Schwefel Function","true","filename.txt","14","1","10","600","0.4325213454143324","600"
"635","None","0.5","filename.txt","1","Best found","0.5","Penalty Method","Constraint 2","F2 Schwefel Function","true","filename.txt","14","1","10","12","0.5","13"
"636","None","0.5","filename.txt","1","Best found","0.5","Penalty Method","Constraint 2","F2 Schwefel Function","true","filename.txt","14","1","10","17","0.5","18"
"638","None","0.5","filename.txt","1","Best found","0.5","Penalty Method","Constraint 2","F2 Schwefel Function","true","filename.txt","14","1","10","19","0.5","20"
"637","None","0.5","filename.txt","1","Best found","0.5","Penalty Method","Constraint 2","F2 Schwefel Function","true","filename.txt","14","1","10","8","0.5","9"
"639","None","0.5","filename.txt","1","Best found","0.5","Penalty Method","Constraint 2","F2 Schwefel Function","true","filename.txt","14","1","10","15","0.5","16"
"640","None","0.5","filename.txt","1","Best found","0.5","Penalty Method","Constraint 2","F2 Schwefel Function","true","filename.txt","14","1","10","16","0.5","17"
"641","None","0.5","filename.txt","1","Best found","0.5","Penalty Method","Constraint 2","F2 Schwefel Function","true","filename.txt","14","1","10","15","0.5","16"
"642","None","0.5","filename.txt","1","Best found","0.5","Penalty Method","Constraint 2","F2 Schwefel Function","true","filename.txt","14","1","10","600","0.4992553702770012","600"
"643","None","0.5","filename.txt","1","Best found","0.5","Penalty Method","Constraint 2","F2 Schwefel Function","true","filename.txt","14","1","10","16","0.5","17"
"645","None","0.5","filename.txt","1","Best found","0.5","Penalty Method","Constraint 2","F2 Schwefel Function","true","filename.txt","14","1","10","600","0.4970127795948285","600"
"644","None","0.5","filename.txt","1","Best found","0.5","Penalty Method","Constraint 2","F2 Schwefel Function","true","filename.txt","14","1","10","600","0.49949604594188285","600"
"646","None","0.5","filename.txt","1","Best found","0.5","Penalty Method","Constraint 2","F2 Schwefel Function","true","filename.txt","14","1","10","600","0.49949604594188285","600"
"647","None","0.5","filename.txt","1","Best found","0.5","Penalty Method","Constraint 2","F2 Schwefel Function","true","filename.txt","14","1","10","19","0.5","20"
"648","None","0.5","filename.txt","1","Best found","0.5","Penalty Method","Constraint 2","F2 Schwefel Function","true","filename.txt","14","1","10","16","0.5","17"
"649","None","0.5","filename.txt","1","Best found","0.5","Penalty Method","Constraint 2","F2 Schwefel Function","true","filename.txt","14","1","10","3","0.5","4"
"650","None","0.5","filename.txt","1","Best found","0.5","Penalty Method","Constraint 2","F2 Schwefel Function","true","filename.txt","14","1","10","5","0.5","6"
"652","None","0.5","filename.txt","1","Best found","0.5","Penalty Method","Constraint 2","F2 Schwefel Function","true","filename.txt","14","1","10","15","0.5","16"
"651","None","0.5","filename.txt","1","Best found","0.5","Penalty Method","Constraint 2","F2 Schwefel Function","true","filename.txt","14","1","10","600","0.49949604594188285","600"
"655","None","0.5","filename.txt","1","Best found","0.5","Penalty Method","Constraint 2","F2 Schwefel Function","true","filename.txt","14","1","10","14","0.5","15"
"653","None","0.5","filename.txt","1","Best found","0.5","Penalty Method","Constraint 2","F2 Schwefel Function","true","filename.txt","14","1","10","600","0.4950880464610951","600"
"654","None","0.5","filename.txt","1","Best found","0.5","Penalty Method","Constraint 2","F2 Schwefel Function","true","filename.txt","14","1","10","600","0.49949604594188285","600"
"656","None","0.5","filename.txt","1","Best found","0.5","Penalty Method","Constraint 2","F2 Schwefel Function","true","filename.txt","14","1","10","10","0.5","11"
"657","None","0.5","filename.txt","1","Best found","0.5","Penalty Method","Constraint 2","F2 Schwefel Function","true","filename.txt","14","1","10","14","0.5","15"
"658","None","0.5","filename.txt","1","Best found","0.5","Penalty Method","Constraint 2","F2 Schwefel Function","true","filename.txt","14","1","10","14","0.5","15"
"659","None","0.5","filename.txt","1","Best found","0.5","Penalty Method","Constraint 2","F2 Schwefel Function","true","filename.txt","14","1","10","18","0.5","19"
"660","None","0.5","filename.txt","1","Best found","0.5","Penalty Method","Constraint 2","F2 Schwefel Function","true","filename.txt","14","1","10","600","0.49949604594188285","600"
"661","None","0.5","filename.txt","1","Best found","0.5","Penalty Method","Constraint 2","F2 Schwefel Function","true","filename.txt","14","1","10","15","0.5","16"
"662","None","0.5","filename.txt","1","Best found","0.5","Penalty Method","Constraint 2","F2 Schwefel Function","true","filename.txt","14","1","10","15","0.5","16"
"664","None","0.5","filename.txt","1","Best found","0.5","Penalty Method","Constraint 2","F2 Schwefel Function","true","filename.txt","14","1","10","18","0.5","19"
"663","None","0.5","filename.txt","1","Best found","0.5","Penalty Method","Constraint 2","F2 Schwefel Function","true","filename.txt","14","1","10","600","0.4798169163725534","600"
"665","None","0.5","filename.txt","1","Best found","0.5","Penalty Method","Constraint 2","F2 Schwefel Function","true","filename.txt","14","1","10","600","0.49949604594188285","600"
"667","None","0.5","filename.txt","1","Best found","0.5","Penalty Method","Constraint 2","F2 Schwefel Function","true","filename.txt","14","1","10","10","0.5","11"
"666","None","0.5","filename.txt","1","Best found","0.5","Penalty Method","Constraint 2","F2 Schwefel Function","true","filename.txt","14","1","10","600","0.44727705657992783","600"
"668","None","0.5","filename.txt","1","Best found","0.5","Penalty Method","Constraint 2","F2 Schwefel Function","true","filename.txt","14","1","10","11","0.5","12"
"669","None","0.5","filename.txt","1","Best found","0.5","Penalty Method","Constraint 2","F2 Schwefel Function","true","filename.txt","14","1","10","14","0.5","15"
"670","None","0.5","filename.txt","1","Best found","0.5","Penalty Method","Constraint 2","F2 Schwefel Function","true","filename.txt","14","1","10","14","0.5","15"
"672","None","0.5","filename.txt","1","Best found","0.5","Penalty Method","Constraint 2","F2 Schwefel Function","true","filename.txt","14","1","10","13","0.5","14"
"673","None","0.5","filename.txt","1","Best found","0.5","Penalty Method","Constraint 2","F2 Schwefel Function","true","filename.txt","14","1","10","600","0.49949604594188285","600"
"671","None","0.5","filename.txt","1","Best found","0.5","Penalty Method","Constraint 2","F2 Schwefel Function","true","filename.txt","14","1","10","600","0.47801015899388105","600"
"674","None","0.5","filename.txt","1","Best found","0.5","Penalty Method","Constraint 2","F2 Schwefel Function","true","filename.txt","14","1","10","11","0.5","12"
"675","None","0.5","filename.txt","1","Best found","0.5","Penalty Method","Constraint 2","F2 Schwefel Function","true","filename.txt","14","1","10","600","0.49881539158567506","600"
"676","None","0.5","filename.txt","1","Best found","0.5","Penalty Method","Constraint 2","F2 Schwefel Function","true","filename.txt","14","1","10","5","0.5","6"
"677","None","0.5","filename.txt","1","Best found","0.5","Penalty Method","Constraint 2","F2 Schwefel Function","true","filename.txt","14","1","10","600","0.48967208314653266","600"
"678","None","0.5","filename.txt","1","Best found","0.5","Penalty Method","Constraint 2","F2 Schwefel Function","true","filename.txt","14","1","10","600","0.49949604594188285","600"
"679","None","0.5","filename.txt","1","Best found","0.5","Penalty Method","Constraint 2","F2 Schwefel Function","true","filename.txt","14","1","10","16","0.5","17"
"681","None","0.5","filename.txt","1","Best found","0.5","Penalty Method","Constraint 2","F2 Schwefel Function","true","filename.txt","14","1","10","15","0.5","16"
"680","None","0.5","filename.txt","1","Best found","0.5","Penalty Method","Constraint 2","F2 Schwefel Function","true","filename.txt","14","1","10","600","0.49949604594188285","600"
"682","None","0.5","filename.txt","1","Best found","0.5","Penalty Method","Constraint 2","F2 Schwefel Function","true","filename.txt","14","1","10","8","0.5","9"
"683","None","0.5","filename.txt","1","Best found","0.5","Penalty Method","Constraint 2","F2 Schwefel Function","true","filename.txt","14","1","10","25","0.5","26"
"684","None","0.5","filename.txt","1","Best found","0.5","Penalty Method","Constraint 2","F2 Schwefel Function","true","filename.txt","14","1","10","10","0.5","11"
"685","None","0.5","filename.txt","1","Best found","0.5","Penalty Method","Constraint 2","F2 Schwefel Function","true","filename.txt","14","1","10","9","0.5","10"
"688","None","0.5","filename.txt","1","Best found","0.5","Penalty Method","Constraint 2","F2 Schwefel Function","true","filename.txt","14","1","10","16","0.5","17"
"687","None","0.5","filename.txt","1","Best found","0.5","Penalty Method","Constraint 2","F2 Schwefel Function","true","filename.txt","14","1","10","600","0.49949604594188285","600"
"686","None","0.5","filename.txt","1","Best found","0.5","Penalty Method","Constraint 2","F2 Schwefel Function","true","filename.txt","14","1","10","600","0.49949604594188285","600"
"689","None","0.5","filename.txt","1","Best found","0.5","Penalty Method","Constraint 2","F2 Schwefel Function","true","filename.txt","14","1","10","600","0.49949604594188285","600"
"690","None","0.5","filename.txt","1","Best found","0.5","Penalty Method","Constraint 2","F2 Schwefel Function","true","filename.txt","14","1","10","16","0.5","17"
"691","None","0.5","filename.txt","1","Best found","0.5","Penalty Method","Constraint 2","F2 Schwefel Function","true","filename.txt","14","1","10","600","0.49949604594188285","600"
"692","None","0.5","filename.txt","1","Best found","0.5","Penalty Method","Constraint 2","F2 Schwefel Function","true","filename.txt","14","1","10","600","0.4718821112584738","600"
"693","None","0.5","filename.txt","1","Best found","0.5","Penalty Method","Constraint 2","F2 Schwefel Function","true","filename.txt","14","1","10","9","0.5","10"
"694","None","0.5","filename.txt","1","Best found","0.5","Penalty Method","Constraint 2","F2 Schwefel Function","true","filename.txt","14","1","10","17","0.5","18"
"695","None","0.5","filename.txt","1","Best found","0.5","Penalty Method","Constraint 2","F2 Schwefel Function","true","filename.txt","14","1","10","14","0.5","15"
"696","None","0.5","filename.txt","1","Best found","0.5","Penalty Method","Constraint 2","F2 Schwefel Function","true","filename.txt","14","1","10","7","0.5","8"
"697","None","0.5","filename.txt","1","Best found","0.5","Penalty Method","Constraint 2","F2 Schwefel Function","true","filename.txt","14","1","10","600","0.49949604594188285","600"
"698","None","0.5","filename.txt","1","Best found","0.5","Penalty Method","Constraint 2","F2 Schwefel Function","true","filename.txt","14","1","10","9","0.5","10"
"699","None","0.5","filename.txt","1","Best found","0.5","Penalty Method","Constraint 2","F2 Schwefel Function","true","filename.txt","14","1","10","14","0.5","15"
"700","None","0.5","filename.txt","1","Best found","0.5","Penalty Method","Constraint 2","F2 Schwefel Function","true","filename.txt","14","1","10","600","0.4903695261866307","600"
"701","None","0.5","filename.txt","1","Best found","0.5","Penalty Method","Constraint 2","F2 Schwefel Function","true","filename.txt","16","1","10","600","0.49738179399061433","600"
"704","None","0.5","filename.txt","1","Best found","0.5","Penalty Method","Constraint 2","F2 Schwefel Function","true","filename.txt","16","1","10","10","0.5","11"
"702","None","0.5","filename.txt","1","Best found","0.5","Penalty Method","Constraint 2","F2 Schwefel Function","true","filename.txt","16","1","10","600","0.49949604594188285","600"
"703","None","0.5","filename.txt","1","Best found","0.5","Penalty Method","Constraint 2","F2 Schwefel Function","true","filename.txt","16","1","10","600","0.49949604594188285","600"
"705","None","0.5","filename.txt","1","Best found","0.5","Penalty Method","Constraint 2","F2 Schwefel Function","true","filename.txt","16","1","10","17","0.5","18"
"706","None","0.5","filename.txt","1","Best found","0.5","Penalty Method","Constraint 2","F2 Schwefel Function","true","filename.txt","16","1","10","12","0.5","13"
"707","None","0.5","filename.txt","1","Best found","0.5","Penalty Method","Constraint 2","F2 Schwefel Function","true","filename.txt","16","1","10","14","0.5","15"
"708","None","0.5","filename.txt","1","Best found","0.5","Penalty Method","Constraint 2","F2 Schwefel Function","true","filename.txt","16","1","10","13","0.5","14"
"709","None","0.5","filename.txt","1","Best found","0.5","Penalty Method","Constraint 2","F2 Schwefel Function","true","filename.txt","16","1","10","11","0.5","12"
"711","None","0.5","filename.txt","1","Best found","0.5","Penalty Method","Constraint 2","F2 Schwefel Function","true","filename.txt","16","1","10","13","0.5","14"
"712","None","0.5","filename.txt","1","Best found","0.5","Penalty Method","Constraint 2","F2 Schwefel Function","true","filename.txt","16","1","10","9","0.5","10"
"710","None","0.5","filename.txt","1","Best found","0.5","Penalty Method","Constraint 2","F2 Schwefel Function","true","filename.txt","16","1","10","600","0.4943674128207517","600"
"713","None","0.5","filename.txt","1","Best found","0.5","Penalty Method","Constraint 2","F2 Schwefel Function","true","filename.txt","16","1","10","14","0.5","15"
"714","None","0.5","filename.txt","1","Best found","0.5","Penalty Method","Constraint 2","F2 Schwefel Function","true","filename.txt","16","1","10","19","0.5","20"
"715","None","0.5","filename.txt","1","Best found","0.5","Penalty Method","Constraint 2","F2 Schwefel Function","true","filename.txt","16","1","10","600","0.49949604594188285","600"
"716","None","0.5","filename.txt","1","Best found","0.5","Penalty Method","Constraint 2","F2 Schwefel Function","true","filename.txt","16","1","10","600","0.4940445952971189","600"
"717","None","0.5","filename.txt","1","Best found","0.5","Penalty Method","Constraint 2","F2 Schwefel Function","true","filename.txt","16","1","10","600","0.4979341096159179","600"
"719","None","0.5","filename.txt","1","Best found","0.5","Penalty Method","Constraint 2","F2 Schwefel Function","true","filename.txt","16","1","10","8","0.5","9"
"718","None","0.5","filename.txt","1","Best found","0.5","Penalty Method","Constraint 2","F2 Schwefel Function","true","filename.txt","16","1","10","16","0.5","17"
"720","None","0.5","filename.txt","1","Best found","0.5","Penalty Method","Constraint 2","F2 Schwefel Function","true","filename.txt","16","1","10","12","0.5","13"
"721","None","0.5","filename.txt","1","Best found","0.5","Penalty Method","Constraint 2","F2 Schwefel Function","true","filename.txt","16","1","10","23","0.5","24"
"722","None","0.5","filename.txt","1","Best found","0.5","Penalty Method","Constraint 2","F2 Schwefel Function","true","filename.txt","16","1","10","15","0.5","16"
"723","None","0.5","filename.txt","1","Best found","0.5","Penalty Method","Constraint 2","F2 Schwefel Function","true","filename.txt","16","1","10","18","0.5","19"
"724","None","0.5","filename.txt","1","Best found","0.5","Penalty Method","Constraint 2","F2 Schwefel Function","true","filename.txt","16","1","10","600","0.49949604594188285","600"
"727","None","0.5","filename.txt","1","Best found","0.5","Penalty Method","Constraint 2","F2 Schwefel Function","true","filename.txt","16","1","10","12","0.5","13"
"728","None","0.5","filename.txt","1","Best found","0.5","Penalty Method","Constraint 2","F2 Schwefel Function","true","filename.txt","16","1","10","8","0.5","9"
"725","None","0.5","filename.txt","1","Best found","0.5","Penalty Method","Constraint 2","F2 Schwefel Function","true","filename.txt","16","1","10","600","0.49949604594188285","600"
"726","None","0.5","filename.txt","1","Best found","0.5","Penalty Method","Constraint 2","F2 Schwefel Function","true","filename.txt","16","1","10","600","0.49949604594188285","600"
"729","None","0.5","filename.txt","1","Best found","0.5","Penalty Method","Constraint 2","F2 Schwefel Function","true","filename.txt","16","1","10","11","0.5","12"
"730","None","0.5","filename.txt","1","Best found","0.5","Penalty Method","Constraint 2","F2 Schwefel Function","true","filename.txt","16","1","10","600","0.49949604594188285","600"
"731","None","0.5","filename.txt","1","Best found","0.5","Penalty Method","Constraint 2","F2 Schwefel Function","true","filename.txt","16","1","10","600","0.49949604594188285","600"
"732","None","0.5","filename.txt","1","Best found","0.5","Penalty Method","Constraint 2","F2 Schwefel Function","true","filename.txt","16","1","10","11","0.5","12"
"733","None","0.5","filename.txt","1","Best found","0.5","Penalty Method","Constraint 2","F2 Schwefel Function","true","filename.txt","16","1","10","13","0.5","14"
"734","None","0.5","filename.txt","1","Best found","0.5","Penalty Method","Constraint 2","F2 Schwefel Function","true","filename.txt","16","1","10","600","0.49949604594188285","600"
"735","None","0.5","filename.txt","1","Best found","0.5","Penalty Method","Constraint 2","F2 Schwefel Function","true","filename.txt","16","1","10","600","0.49949604594188285","600"
"737","None","0.5","filename.txt","1","Best found","0.5","Penalty Method","Constraint 2","F2 Schwefel Function","true","filename.txt","16","1","10","8","0.5","9"
"736","None","0.5","filename.txt","1","Best found","0.5","Penalty Method","Constraint 2","F2 Schwefel Function","true","filename.txt","16","1","10","600","0.49949604594188285","600"
"738","None","0.5","filename.txt","1","Best found","0.5","Penalty Method","Constraint 2","F2 Schwefel Function","true","filename.txt","16","1","10","14","0.5","15"
"739","None","0.5","filename.txt","1","Best found","0.5","Penalty Method","Constraint 2","F2 Schwefel Function","true","filename.txt","16","1","10","10","0.5","11"
"740","None","0.5","filename.txt","1","Best found","0.5","Penalty Method","Constraint 2","F2 Schwefel Function","true","filename.txt","16","1","10","9","0.5","10"
"741","None","0.5","filename.txt","1","Best found","0.5","Penalty Method","Constraint 2","F2 Schwefel Function","true","filename.txt","16","1","10","16","0.5","17"
"742","None","0.5","filename.txt","1","Best found","0.5","Penalty Method","Constraint 2","F2 Schwefel Function","true","filename.txt","16","1","10","11","0.5","12"
"743","None","0.5","filename.txt","1","Best found","0.5","Penalty Method","Constraint 2","F2 Schwefel Function","true","filename.txt","16","1","10","16","0.5","17"
"744","None","0.5","filename.txt","1","Best found","0.5","Penalty Method","Constraint 2","F2 Schwefel Function","true","filename.txt","16","1","10","18","0.5","19"
"745","None","0.5","filename.txt","1","Best found","0.5","Penalty Method","Constraint 2","F2 Schwefel Function","true","filename.txt","16","1","10","600","0.49949604594188285","600"
"746","None","0.5","filename.txt","1","Best found","0.5","Penalty Method","Constraint 2","F2 Schwefel Function","true","filename.txt","16","1","10","600","0.49949604594188285","600"
"747","None","0.5","filename.txt","1","Best found","0.5","Penalty Method","Constraint 2","F2 Schwefel Function","true","filename.txt","16","1","10","13","0.5","14"
"748","None","0.5","filename.txt","1","Best found","0.5","Penalty Method","Constraint 2","F2 Schwefel Function","true","filename.txt","16","1","10","9","0.5","10"
"749","None","0.5","filename.txt","1","Best found","0.5","Penalty Method","Constraint 2","F2 Schwefel Function","true","filename.txt","16","1","10","14","0.5","15"
"750","None","0.5","filename.txt","1","Best found","0.5","Penalty Method","Constraint 2","F2 Schwefel Function","true","filename.txt","16","1","10","12","0.5","13"
"752","None","0.5","filename.txt","1","Best found","0.5","Penalty Method","Constraint 2","F2 Schwefel Function","true","filename.txt","16","1","10","9","0.5","10"
"751","None","0.5","filename.txt","1","Best found","0.5","Penalty Method","Constraint 2","F2 Schwefel Function","true","filename.txt","16","1","10","600","0.49949604594188285","600"
"753","None","0.5","filename.txt","1","Best found","0.5","Penalty Method","Constraint 2","F2 Schwefel Function","true","filename.txt","16","1","10","600","0.4790615741332254","600"
"754","None","0.5","filename.txt","1","Best found","0.5","Penalty Method","Constraint 2","F2 Schwefel Function","true","filename.txt","16","1","10","17","0.5","18"
"755","None","0.5","filename.txt","1","Best found","0.5","Penalty Method","Constraint 2","F2 Schwefel Function","true","filename.txt","16","1","10","600","0.49949604594188285","600"
"756","None","0.5","filename.txt","1","Best found","0.5","Penalty Method","Constraint 2","F2 Schwefel Function","true","filename.txt","16","1","10","11","0.5","12"
"757","None","0.5","filename.txt","1","Best found","0.5","Penalty Method","Constraint 2","F2 Schwefel Function","true","filename.txt","16","1","10","6","0.5","7"
"759","None","0.5","filename.txt","1","Best found","0.5","Penalty Method","Constraint 2","F2 Schwefel Function","true","filename.txt","16","1","10","10","0.5","11"
"758","None","0.5","filename.txt","1","Best found","0.5","Penalty Method","Constraint 2","F2 Schwefel Function","true","filename.txt","16","1","10","9","0.5","10"
"760","None","0.5","filename.txt","1","Best found","0.5","Penalty Method","Constraint 2","F2 Schwefel Function","true","filename.txt","16","1","10","600","0.49949604594188285","600"
"761","None","0.5","filename.txt","1","Best found","0.5","Penalty Method","Constraint 2","F2 Schwefel Function","true","filename.txt","16","1","10","600","0.49949604594188285","600"
"762","None","0.5","filename.txt","1","Best found","0.5","Penalty Method","Constraint 2","F2 Schwefel Function","true","filename.txt","16","1","10","18","0.5","19"
"763","None","0.5","filename.txt","1","Best found","0.5","Penalty Method","Constraint 2","F2 Schwefel Function","true","filename.txt","16","1","10","12","0.5","13"
"765","None","0.5","filename.txt","1","Best found","0.5","Penalty Method","Constraint 2","F2 Schwefel Function","true","filename.txt","16","1","10","16","0.5","17"
"764","None","0.5","filename.txt","1","Best found","0.5","Penalty Method","Constraint 2","F2 Schwefel Function","true","filename.txt","16","1","10","600","0.49097765219097594","600"
"766","None","0.5","filename.txt","1","Best found","0.5","Penalty Method","Constraint 2","F2 Schwefel Function","true","filename.txt","16","1","10","12","0.5","13"
"767","None","0.5","filename.txt","1","Best found","0.5","Penalty Method","Constraint 2","F2 Schwefel Function","true","filename.txt","16","1","10","600","0.4708039792788307","600"
"768","None","0.5","filename.txt","1","Best found","0.5","Penalty Method","Constraint 2","F2 Schwefel Function","true","filename.txt","16","1","10","10","0.5","11"
"770","None","0.5","filename.txt","1","Best found","0.5","Penalty Method","Constraint 2","F2 Schwefel Function","true","filename.txt","16","1","10","17","0.5","18"
"769","None","0.5","filename.txt","1","Best found","0.5","Penalty Method","Constraint 2","F2 Schwefel Function","true","filename.txt","16","1","10","13","0.5","14"
"771","None","0.5","filename.txt","1","Best found","0.5","Penalty Method","Constraint 2","F2 Schwefel Function","true","filename.txt","16","1","10","8","0.5","9"
"772","None","0.5","filename.txt","1","Best found","0.5","Penalty Method","Constraint 2","F2 Schwefel Function","true","filename.txt","16","1","10","12","0.5","13"
"773","None","0.5","filename.txt","1","Best found","0.5","Penalty Method","Constraint 2","F2 Schwefel Function","true","filename.txt","16","1","10","600","0.49949604594188285","600"
"774","None","0.5","filename.txt","1","Best found","0.5","Penalty Method","Constraint 2","F2 Schwefel Function","true","filename.txt","16","1","10","20","0.5","21"
"775","None","0.5","filename.txt","1","Best found","0.5","Penalty Method","Constraint 2","F2 Schwefel Function","true","filename.txt","16","1","10","13","0.5","14"
"776","None","0.5","filename.txt","1","Best found","0.5","Penalty Method","Constraint 2","F2 Schwefel Function","true","filename.txt","16","1","10","16","0.5","17"
"778","None","0.5","filename.txt","1","Best found","0.5","Penalty Method","Constraint 2","F2 Schwefel Function","true","filename.txt","16","1","10","11","0.5","12"
"777","None","0.5","filename.txt","1","Best found","0.5","Penalty Method","Constraint 2","F2 Schwefel Function","true","filename.txt","16","1","10","600","0.49949604594188285","600"
"779","None","0.5","filename.txt","1","Best found","0.5","Penalty Method","Constraint 2","F2 Schwefel Function","true","filename.txt","16","1","10","13","0.5","14"
"780","None","0.5","filename.txt","1","Best found","0.5","Penalty Method","Constraint 2","F2 Schwefel Function","true","filename.txt","16","1","10","13","0.5","14"
"781","None","0.5","filename.txt","1","Best found","0.5","Penalty Method","Constraint 2","F2 Schwefel Function","true","filename.txt","16","1","10","14","0.5","15"
"782","None","0.5","filename.txt","1","Best found","0.5","Penalty Method","Constraint 2","F2 Schwefel Function","true","filename.txt","16","1","10","9","0.5","10"
"783","None","0.5","filename.txt","1","Best found","0.5","Penalty Method","Constraint 2","F2 Schwefel Function","true","filename.txt","16","1","10","4","0.5","5"
"784","None","0.5","filename.txt","1","Best found","0.5","Penalty Method","Constraint 2","F2 Schwefel Function","true","filename.txt","16","1","10","21","0.5","22"
"786","None","0.5","filename.txt","1","Best found","0.5","Penalty Method","Constraint 2","F2 Schwefel Function","true","filename.txt","16","1","10","7","0.5","8"
"785","None","0.5","filename.txt","1","Best found","0.5","Penalty Method","Constraint 2","F2 Schwefel Function","true","filename.txt","16","1","10","8","0.5","9"
"787","None","0.5","filename.txt","1","Best found","0.5","Penalty Method","Constraint 2","F2 Schwefel Function","true","filename.txt","16","1","10","8","0.5","9"
"788","None","0.5","filename.txt","1","Best found","0.5","Penalty Method","Constraint 2","F2 Schwefel Function","true","filename.txt","16","1","10","600","0.49949604594188285","600"
"789","None","0.5","filename.txt","1","Best found","0.5","Penalty Method","Constraint 2","F2 Schwefel Function","true","filename.txt","16","1","10","3","0.5","4"
"790","None","0.5","filename.txt","1","Best found","0.5","Penalty Method","Constraint 2","F2 Schwefel Function","true","filename.txt","16","1","10","14","0.5","15"
"791","None","0.5","filename.txt","1","Best found","0.5","Penalty Method","Constraint 2","F2 Schwefel Function","true","filename.txt","16","1","10","10","0.5","11"
"792","None","0.5","filename.txt","1","Best found","0.5","Penalty Method","Constraint 2","F2 Schwefel Function","true","filename.txt","16","1","10","16","0.5","17"
"793","None","0.5","filename.txt","1","Best found","0.5","Penalty Method","Constraint 2","F2 Schwefel Function","true","filename.txt","16","1","10","12","0.5","13"
"794","None","0.5","filename.txt","1","Best found","0.5","Penalty Method","Constraint 2","F2 Schwefel Function","true","filename.txt","16","1","10","14","0.5","15"
"795","None","0.5","filename.txt","1","Best found","0.5","Penalty Method","Constraint 2","F2 Schwefel Function","true","filename.txt","16","1","10","13","0.5","14"
"796","None","0.5","filename.txt","1","Best found","0.5","Penalty Method","Constraint 2","F2 Schwefel Function","true","filename.txt","16","1","10","600","0.49949604594188285","600"
"797","None","0.5","filename.txt","1","Best found","0.5","Penalty Method","Constraint 2","F2 Schwefel Function","true","filename.txt","16","1","10","14","0.5","15"
"798","None","0.5","filename.txt","1","Best found","0.5","Penalty Method","Constraint 2","F2 Schwefel Function","true","filename.txt","16","1","10","600","0.49949604594188285","600"
"799","None","0.5","filename.txt","1","Best found","0.5","Penalty Method","Constraint 2","F2 Schwefel Function","true","filename.txt","16","1","10","11","0.5","12"
"800","None","0.5","filename.txt","1","Best found","0.5","Penalty Method","Constraint 2","F2 Schwefel Function","true","filename.txt","16","1","10","9","0.5","10"
"801","None","0.5","filename.txt","1","Best found","0.5","Penalty Method","Constraint 2","F2 Schwefel Function","true","filename.txt","18","1","10","21","0.5","22"
"802","None","0.5","filename.txt","1","Best found","0.5","Penalty Method","Constraint 2","F2 Schwefel Function","true","filename.txt","18","1","10","600","0.493477642173879","600"
"803","None","0.5","filename.txt","1","Best found","0.5","Penalty Method","Constraint 2","F2 Schwefel Function","true","filename.txt","18","1","10","600","0.4679827596651264","600"
"804","None","0.5","filename.txt","1","Best found","0.5","Penalty Method","Constraint 2","F2 Schwefel Function","true","filename.txt","18","1","10","11","0.5","12"
"805","None","0.5","filename.txt","1","Best found","0.5","Penalty Method","Constraint 2","F2 Schwefel Function","true","filename.txt","18","1","10","13","0.5","14"
"806","None","0.5","filename.txt","1","Best found","0.5","Penalty Method","Constraint 2","F2 Schwefel Function","true","filename.txt","18","1","10","9","0.5","10"
"807","None","0.5","filename.txt","1","Best found","0.5","Penalty Method","Constraint 2","F2 Schwefel Function","true","filename.txt","18","1","10","17","0.5","18"
"808","None","0.5","filename.txt","1","Best found","0.5","Penalty Method","Constraint 2","F2 Schwefel Function","true","filename.txt","18","1","10","8","0.5","9"
"809","None","0.5","filename.txt","1","Best found","0.5","Penalty Method","Constraint 2","F2 Schwefel Function","true","filename.txt","18","1","10","11","0.5","12"
"810","None","0.5","filename.txt","1","Best found","0.5","Penalty Method","Constraint 2","F2 Schwefel Function","true","filename.txt","18","1","10","13","0.5","14"
"811","None","0.5","filename.txt","1","Best found","0.5","Penalty Method","Constraint 2","F2 Schwefel Function","true","filename.txt","18","1","10","17","0.5","18"
"812","None","0.5","filename.txt","1","Best found","0.5","Penalty Method","Constraint 2","F2 Schwefel Function","true","filename.txt","18","1","10","17","0.5","18"
"813","None","0.5","filename.txt","1","Best found","0.5","Penalty Method","Constraint 2","F2 Schwefel Function","true","filename.txt","18","1","10","14","0.5","15"
"814","None","0.5","filename.txt","1","Best found","0.5","Penalty Method","Constraint 2","F2 Schwefel Function","true","filename.txt","18","1","10","600","0.49155290904014565","600"
"815","None","0.5","filename.txt","1","Best found","0.5","Penalty Method","Constraint 2","F2 Schwefel Function","true","filename.txt","18","1","10","22","0.5","23"
"817","None","0.5","filename.txt","1","Best found","0.5","Penalty Method","Constraint 2","F2 Schwefel Function","true","filename.txt","18","1","10","6","0.5","7"
"816","None","0.5","filename.txt","1","Best found","0.5","Penalty Method","Constraint 2","F2 Schwefel Function","true","filename.txt","18","1","10","12","0.5","13"
"818","None","0.5","filename.txt","1","Best found","0.5","Penalty Method","Constraint 2","F2 Schwefel Function","true","filename.txt","18","1","10","7","0.5","8"
"819","None","0.5","filename.txt","1","Best found","0.5","Penalty Method","Constraint 2","F2 Schwefel Function","true","filename.txt","18","1","10","10","0.5","11"
"820","None","0.5","filename.txt","1","Best found","0.5","Penalty Method","Constraint 2","F2 Schwefel Function","true","filename.txt","18","1","10","14","0.5","15"
"821","None","0.5","filename.txt","1","Best found","0.5","Penalty Method","Constraint 2","F2 Schwefel Function","true","filename.txt","18","1","10","18","0.5","19"
"822","None","0.5","filename.txt","1","Best found","0.5","Penalty Method","Constraint 2","F2 Schwefel Function","true","filename.txt","18","1","10","13","0.5","14"
"823","None","0.5","filename.txt","1","Best found","0.5","Penalty Method","Constraint 2","F2 Schwefel Function","true","filename.txt","18","1","10","10","0.5","11"
"824","None","0.5","filename.txt","1","Best found","0.5","Penalty Method","Constraint 2","F2 Schwefel Function","true","filename.txt","18","1","10","600","0.4764721033929115","600"
"825","None","0.5","filename.txt","1","Best found","0.5","Penalty Method","Constraint 2","F2 Schwefel Function","true","filename.txt","18","1","10","600","0.49949604594188285","600"
"826","None","0.5","filename.txt","1","Best found","0.5","Penalty Method","Constraint 2","F2 Schwefel Function","true","filename.txt","18","1","10","11","0.5","12"
"827","None","0.5","filename.txt","1","Best found","0.5","Penalty Method","Constraint 2","F2 Schwefel Function","true","filename.txt","18","1","10","14","0.5","15"
"828","None","0.5","filename.txt","1","Best found","0.5","Penalty Method","Constraint 2","F2 Schwefel Function","true","filename.txt","18","1","10","8","0.5","9"
"829","None","0.5","filename.txt","1","Best found","0.5","Penalty Method","Constraint 2","F2 Schwefel Function","true","filename.txt","18","1","10","600","0.49826307596037145","600"
"830","None","0.5","filename.txt","1","Best found","0.5","Penalty Method","Constraint 2","F2 Schwefel Function","true","filename.txt","18","1","10","13","0.5","14"
"831","None","0.5","filename.txt","1","Best found","0.5","Penalty Method","Constraint 2","F2 Schwefel Function","true","filename.txt","18","1","10","11","0.5","12"
"832","None","0.5","filename.txt","1","Best found","0.5","Penalty Method","Constraint 2","F2 Schwefel Function","true","filename.txt","18","1","10","8","0.5","9"
"833","None","0.5","filename.txt","1","Best found","0.5","Penalty Method","Constraint 2","F2 Schwefel Function","true","filename.txt","18","1","10","14","0.5","15"
"834","None","0.5","filename.txt","1","Best found","0.5","Penalty Method","Constraint 2","F2 Schwefel Function","true","filename.txt","18","1","10","18","0.5","19"
"835","None","0.5","filename.txt","1","Best found","0.5","Penalty Method","Constraint 2","F2 Schwefel Function","true","filename.txt","18","1","10","13","0.5","14"
"836","None","0.5","filename.txt","1","Best found","0.5","Penalty Method","Constraint 2","F2 Schwefel Function","true","filename.txt","18","1","10","14","0.5","15"
"838","None","0.5","filename.txt","1","Best found","0.5","Penalty Method","Constraint 2","F2 Schwefel Function","true","filename.txt","18","1","10","11","0.5","12"
"837","None","0.5","filename.txt","1","Best found","0.5","Penalty Method","Constraint 2","F2 Schwefel Function","true","filename.txt","18","1","10","600","0.492861212443604","600"
"839","None","0.5","filename.txt","1","Best found","0.5","Penalty Method","Constraint 2","F2 Schwefel Function","true","filename.txt","18","1","10","17","0.5","18"
"840","None","0.5","filename.txt","1","Best found","0.5","Penalty Method","Constraint 2","F2 Schwefel Function","true","filename.txt","18","1","10","600","0.49949604594188285","600"
"841","None","0.5","filename.txt","1","Best found","0.5","Penalty Method","Constraint 2","F2 Schwefel Function","true","filename.txt","18","1","10","10","0.5","11"
"842","None","0.5","filename.txt","1","Best found","0.5","Penalty Method","Constraint 2","F2 Schwefel Function","true","filename.txt","18","1","10","12","0.5","13"
"843","None","0.5","filename.txt","1","Best found","0.5","Penalty Method","Constraint 2","F2 Schwefel Function","true","filename.txt","18","1","10","5","0.5","6"
"844","None","0.5","filename.txt","1","Best found","0.5","Penalty Method","Constraint 2","F2 Schwefel Function","true","filename.txt","18","1","10","11","0.5","12"
"845","None","0.5","filename.txt","1","Best found","0.5","Penalty Method","Constraint 2","F2 Schwefel Function","true","filename.txt","18","1","10","21","0.5","22"
"846","None","0.5","filename.txt","1","Best found","0.5","Penalty Method","Constraint 2","F2 Schwefel Function","true","filename.txt","18","1","10","600","0.4979341096159179","600"
"847","None","0.5","filename.txt","1","Best found","0.5","Penalty Method","Constraint 2","F2 Schwefel Function","true","filename.txt","18","1","10","17","0.5","18"
"848","None","0.5","filename.txt","1","Best found","0.5","Penalty Method","Constraint 2","F2 Schwefel Function","true","filename.txt","18","1","10","15","0.5","16"
"850","None","0.5","filename.txt","1","Best found","0.5","Penalty Method","Constraint 2","F2 Schwefel Function","true","filename.txt","18","1","10","10","0.5","11"
"849","None","0.5","filename.txt","1","Best found","0.5","Penalty Method","Constraint 2","F2 Schwefel Function","true","filename.txt","18","1","10","600","0.4941582965300868","600"
"851","None","0.5","filename.txt","1","Best found","0.5","Penalty Method","Constraint 2","F2 Schwefel Function","true","filename.txt","18","1","10","7","0.5","8"
"852","None","0.5","filename.txt","1","Best found","0.5","Penalty Method","Constraint 2","F2 Schwefel Function","true","filename.txt","18","1","10","10","0.5","11"
"853","None","0.5","filename.txt","1","Best found","0.5","Penalty Method","Constraint 2","F2 Schwefel Function","true","filename.txt","18","1","10","9","0.5","10"
"854","None","0.5","filename.txt","1","Best found","0.5","Penalty Method","Constraint 2","F2 Schwefel Function","true","filename.txt","18","1","10","9","0.5","10"
"855","None","0.5","filename.txt","1","Best found","0.5","Penalty Method","Constraint 2","F2 Schwefel Function","true","filename.txt","18","1","10","13","0.5","14"
"856","None","0.5","filename.txt","1","Best found","0.5","Penalty Method","Constraint 2","F2 Schwefel Function","true","filename.txt","18","1","10","15","0.5","16"
"857","None","0.5","filename.txt","1","Best found","0.5","Penalty Method","Constraint 2","F2 Schwefel Function","true","filename.txt","18","1","10","13","0.5","14"
"858","None","0.5","filename.txt","1","Best found","0.5","Penalty Method","Constraint 2","F2 Schwefel Function","true","filename.txt","18","1","10","3","0.5","4"
"859","None","0.5","filename.txt","1","Best found","0.5","Penalty Method","Constraint 2","F2 Schwefel Function","true","filename.txt","18","1","10","10","0.5","11"
"860","None","0.5","filename.txt","1","Best found","0.5","Penalty Method","Constraint 2","F2 Schwefel Function","true","filename.txt","18","1","10","11","0.5","12"
"861","None","0.5","filename.txt","1","Best found","0.5","Penalty Method","Constraint 2","F2 Schwefel Function","true","filename.txt","18","1","10","20","0.5","21"
"862","None","0.5","filename.txt","1","Best found","0.5","Penalty Method","Constraint 2","F2 Schwefel Function","true","filename.txt","18","1","10","18","0.5","19"
"864","None","0.5","filename.txt","1","Best found","0.5","Penalty Method","Constraint 2","F2 Schwefel Function","true","filename.txt","18","1","10","11","0.5","12"
"863","None","0.5","filename.txt","1","Best found","0.5","Penalty Method","Constraint 2","F2 Schwefel Function","true","filename.txt","18","1","10","13","0.5","14"
"866","None","0.5","filename.txt","1","Best found","0.5","Penalty Method","Constraint 2","F2 Schwefel Function","true","filename.txt","18","1","10","10","0.5","11"
"865","None","0.5","filename.txt","1","Best found","0.5","Penalty Method","Constraint 2","F2 Schwefel Function","true","filename.txt","18","1","10","17","0.5","18"
"867","None","0.5","filename.txt","1","Best found","0.5","Penalty Method","Constraint 2","F2 Schwefel Function","true","filename.txt","18","1","10","11","0.5","12"
"868","None","0.5","filename.txt","1","Best found","0.5","Penalty Method","Constraint 2","F2 Schwefel Function","true","filename.txt","18","1","10","7","0.5","8"
"869","None","0.5","filename.txt","1","Best found","0.5","Penalty Method","Constraint 2","F2 Schwefel Function","true","filename.txt","18","1","10","600","0.4979341096159179","600"
"870","None","0.5","filename.txt","1","Best found","0.5","Penalty Method","Constraint 2","F2 Schwefel Function","true","filename.txt","18","1","10","11","0.5","12"
"871","None","0.5","filename.txt","1","Best found","0.5","Penalty Method","Constraint 2","F2 Schwefel Function","true","filename.txt","18","1","10","11","0.5","12"
"872","None","0.5","filename.txt","1","Best found","0.5","Penalty Method","Constraint 2","F2 Schwefel Function","true","filename.txt","18","1","10","18","0.5","19"
"875","None","0.5","filename.txt","1","Best found","0.5","Penalty Method","Constraint 2","F2 Schwefel Function","true","filename.txt","18","1","10","16","0.5","17"
"874","None","0.5","filename.txt","1","Best found","0.5","Penalty Method","Constraint 2","F2 Schwefel Function","true","filename.txt","18","1","10","20","0.5","21"
"873","None","0.5","filename.txt","1","Best found","0.5","Penalty Method","Constraint 2","F2 Schwefel Function","true","filename.txt","18","1","10","13","0.5","14"
"876","None","0.5","filename.txt","1","Best found","0.5","Penalty Method","Constraint 2","F2 Schwefel Function","true","filename.txt","18","1","10","4","0.5","5"
"877","None","0.5","filename.txt","1","Best found","0.5","Penalty Method","Constraint 2","F2 Schwefel Function","true","filename.txt","18","1","10","14","0.5","15"
"878","None","0.5","filename.txt","1","Best found","0.5","Penalty Method","Constraint 2","F2 Schwefel Function","true","filename.txt","18","1","10","11","0.5","12"
"879","None","0.5","filename.txt","1","Best found","0.5","Penalty Method","Constraint 2","F2 Schwefel Function","true","filename.txt","18","1","10","11","0.5","12"
"880","None","0.5","filename.txt","1","Best found","0.5","Penalty Method","Constraint 2","F2 Schwefel Function","true","filename.txt","18","1","10","16","0.5","17"
"881","None","0.5","filename.txt","1","Best found","0.5","Penalty Method","Constraint 2","F2 Schwefel Function","true","filename.txt","18","1","10","9","0.5","10"
"883","None","0.5","filename.txt","1","Best found","0.5","Penalty Method","Constraint 2","F2 Schwefel Function","true","filename.txt","18","1","10","600","0.49949604594188285","600"
"882","None","0.5","filename.txt","1","Best found","0.5","Penalty Method","Constraint 2","F2 Schwefel Function","true","filename.txt","18","1","10","600","0.49949604594188285","600"
"884","None","0.5","filename.txt","1","Best found","0.5","Penalty Method","Constraint 2","F2 Schwefel Function","true","filename.txt","18","1","10","16","0.5","17"
"885","None","0.5","filename.txt","1","Best found","0.5","Penalty Method","Constraint 2","F2 Schwefel Function","true","filename.txt","18","1","10","16","0.5","17"
"886","None","0.5","filename.txt","1","Best found","0.5","Penalty Method","Constraint 2","F2 Schwefel Function","true","filename.txt","18","1","10","12","0.5","13"
"887","None","0.5","filename.txt","1","Best found","0.5","Penalty Method","Constraint 2","F2 Schwefel Function","true","filename.txt","18","1","10","12","0.5","13"
"888","None","0.5","filename.txt","1","Best found","0.5","Penalty Method","Constraint 2","F2 Schwefel Function","true","filename.txt","18","1","10","17","0.5","18"
"889","None","0.5","filename.txt","1","Best found","0.5","Penalty Method","Constraint 2","F2 Schwefel Function","true","filename.txt","18","1","10","12","0.5","13"
"890","None","0.5","filename.txt","1","Best found","0.5","Penalty Method","Constraint 2","F2 Schwefel Function","true","filename.txt","18","1","10","16","0.5","17"
"891","None","0.5","filename.txt","1","Best found","0.5","Penalty Method","Constraint 2","F2 Schwefel Function","true","filename.txt","18","1","10","12","0.5","13"
"892","None","0.5","filename.txt","1","Best found","0.5","Penalty Method","Constraint 2","F2 Schwefel Function","true","filename.txt","18","1","10","14","0.5","15"
"893","None","0.5","filename.txt","1","Best found","0.5","Penalty Method","Constraint 2","F2 Schwefel Function","true","filename.txt","18","1","10","11","0.5","12"
"894","None","0.5","filename.txt","1","Best found","0.5","Penalty Method","Constraint 2","F2 Schwefel Function","true","filename.txt","18","1","10","14","0.5","15"
"895","None","0.5","filename.txt","1","Best found","0.5","Penalty Method","Constraint 2","F2 Schwefel Function","true","filename.txt","18","1","10","600","0.49894373031657924","600"
"897","None","0.5","filename.txt","1","Best found","0.5","Penalty Method","Constraint 2","F2 Schwefel Function","true","filename.txt","18","1","10","15","0.5","16"
"896","None","0.5","filename.txt","1","Best found","0.5","Penalty Method","Constraint 2","F2 Schwefel Function","true","filename.txt","18","1","10","600","0.49949604594188285","600"
"899","None","0.5","filename.txt","1","Best found","0.5","Penalty Method","Constraint 2","F2 Schwefel Function","true","filename.txt","18","1","10","13","0.5","14"
"900","None","0.5","filename.txt","1","Best found","0.5","Penalty Method","Constraint 2","F2 Schwefel Function","true","filename.txt","18","1","10","10","0.5","11"
"898","None","0.5","filename.txt","1","Best found","0.5","Penalty Method","Constraint 2","F2 Schwefel Function","true","filename.txt","18","1","10","600","0.4961314976250713","600"
"901","None","0.5","filename.txt","1","Best found","0.5","Penalty Method","Constraint 2","F2 Schwefel Function","true","filename.txt","20","1","10","14","0.5","15"
"902","None","0.5","filename.txt","1","Best found","0.5","Penalty Method","Constraint 2","F2 Schwefel Function","true","filename.txt","20","1","10","3","0.5","4"
"903","None","0.5","filename.txt","1","Best found","0.5","Penalty Method","Constraint 2","F2 Schwefel Function","true","filename.txt","20","1","10","600","0.49949604594188285","600"
"904","None","0.5","filename.txt","1","Best found","0.5","Penalty Method","Constraint 2","F2 Schwefel Function","true","filename.txt","20","1","10","8","0.5","9"
"905","None","0.5","filename.txt","1","Best found","0.5","Penalty Method","Constraint 2","F2 Schwefel Function","true","filename.txt","20","1","10","17","0.5","18"
"906","None","0.5","filename.txt","1","Best found","0.5","Penalty Method","Constraint 2","F2 Schwefel Function","true","filename.txt","20","1","10","13","0.5","14"
"907","None","0.5","filename.txt","1","Best found","0.5","Penalty Method","Constraint 2","F2 Schwefel Function","true","filename.txt","20","1","10","11","0.5","12"
"908","None","0.5","filename.txt","1","Best found","0.5","Penalty Method","Constraint 2","F2 Schwefel Function","true","filename.txt","20","1","10","13","0.5","14"
"909","None","0.5","filename.txt","1","Best found","0.5","Penalty Method","Constraint 2","F2 Schwefel Function","true","filename.txt","20","1","10","12","0.5","13"
"910","None","0.5","filename.txt","1","Best found","0.5","Penalty Method","Constraint 2","F2 Schwefel Function","true","filename.txt","20","1","10","16","0.5","17"
"911","None","0.5","filename.txt","1","Best found","0.5","Penalty Method","Constraint 2","F2 Schwefel Function","true","filename.txt","20","1","10","600","0.49949604594188285","600"
"912","None","0.5","filename.txt","1","Best found","0.5","Penalty Method","Constraint 2","F2 Schwefel Function","true","filename.txt","20","1","10","10","0.5","11"
"913","None","0.5","filename.txt","1","Best found","0.5","Penalty Method","Constraint 2","F2 Schwefel Function","true","filename.txt","20","1","10","21","0.5","22"
"914","None","0.5","filename.txt","1","Best found","0.5","Penalty Method","Constraint 2","F2 Schwefel Function","true","filename.txt","20","1","10","10","0.5","11"
"915","None","0.5","filename.txt","1","Best found","0.5","Penalty Method","Constraint 2","F2 Schwefel Function","true","filename.txt","20","1","10","12","0.5","13"
"916","None","0.5","filename.txt","1","Best found","0.5","Penalty Method","Constraint 2","F2 Schwefel Function","true","filename.txt","20","1","10","10","0.5","11"
"917","None","0.5","filename.txt","1","Best found","0.5","Penalty Method","Constraint 2","F2 Schwefel Function","true","filename.txt","20","1","10","12","0.5","13"
"919","None","0.5","filename.txt","1","Best found","0.5","Penalty Method","Constraint 2","F2 Schwefel Function","true","filename.txt","20","1","10","15","0.5","16"
"918","None","0.5","filename.txt","1","Best found","0.5","Penalty Method","Constraint 2","F2 Schwefel Function","true","filename.txt","20","1","10","16","0.5","17"
"920","None","0.5","filename.txt","1","Best found","0.5","Penalty Method","Constraint 2","F2 Schwefel Function","true","filename.txt","20","1","10","16","0.5","17"
"921","None","0.5","filename.txt","1","Best found","0.5","Penalty Method","Constraint 2","F2 Schwefel Function","true","filename.txt","20","1","10","18","0.5","19"
"923","None","0.5","filename.txt","1","Best found","0.5","Penalty Method","Constraint 2","F2 Schwefel Function","true","filename.txt","20","1","10","16","0.5","17"
"922","None","0.5","filename.txt","1","Best found","0.5","Penalty Method","Constraint 2","F2 Schwefel Function","true","filename.txt","20","1","10","9","0.5","10"
"924","None","0.5","filename.txt","1","Best found","0.5","Penalty Method","Constraint 2","F2 Schwefel Function","true","filename.txt","20","1","10","10","0.5","11"
"925","None","0.5","filename.txt","1","Best found","0.5","Penalty Method","Constraint 2","F2 Schwefel Function","true","filename.txt","20","1","10","13","0.5","14"
"926","None","0.5","filename.txt","1","Best found","0.5","Penalty Method","Constraint 2","F2 Schwefel Function","true","filename.txt","20","1","10","12","0.5","13"
"927","None","0.5","filename.txt","1","Best found","0.5","Penalty Method","Constraint 2","F2 Schwefel Function","true","filename.txt","20","1","10","10","0.5","11"
"929","None","0.5","filename.txt","1","Best found","0.5","Penalty Method","Constraint 2","F2 Schwefel Function","true","filename.txt","20","1","10","16","0.5","17"
"928","None","0.5","filename.txt","1","Best found","0.5","Penalty Method","Constraint 2","F2 Schwefel Function","true","filename.txt","20","1","10","600","0.4939046636075802","600"
"930","None","0.5","filename.txt","1","Best found","0.5","Penalty Method","Constraint 2","F2 Schwefel Function","true","filename.txt","20","1","10","13","0.5","14"
"931","None","0.5","filename.txt","1","Best found","0.5","Penalty Method","Constraint 2","F2 Schwefel Function","true","filename.txt","20","1","10","6","0.5","7"
"932","None","0.5","filename.txt","1","Best found","0.5","Penalty Method","Constraint 2","F2 Schwefel Function","true","filename.txt","20","1","10","13","0.5","14"
"933","None","0.5","filename.txt","1","Best found","0.5","Penalty Method","Constraint 2","F2 Schwefel Function","true","filename.txt","20","1","10","6","0.5","7"
"934","None","0.5","filename.txt","1","Best found","0.5","Penalty Method","Constraint 2","F2 Schwefel Function","true","filename.txt","20","1","10","7","0.5","8"
"935","None","0.5","filename.txt","1","Best found","0.5","Penalty Method","Constraint 2","F2 Schwefel Function","true","filename.txt","20","1","10","12","0.5","13"
"936","None","0.5","filename.txt","1","Best found","0.5","Penalty Method","Constraint 2","F2 Schwefel Function","true","filename.txt","20","1","10","8","0.5","9"
"937","None","0.5","filename.txt","1","Best found","0.5","Penalty Method","Constraint 2","F2 Schwefel Function","true","filename.txt","20","1","10","10","0.5","11"
"939","None","0.5","filename.txt","1","Best found","0.5","Penalty Method","Constraint 2","F2 Schwefel Function","true","filename.txt","20","1","10","15","0.5","16"
"938","None","0.5","filename.txt","1","Best found","0.5","Penalty Method","Constraint 2","F2 Schwefel Function","true","filename.txt","20","1","10","16","0.5","17"
"940","None","0.5","filename.txt","1","Best found","0.5","Penalty Method","Constraint 2","F2 Schwefel Function","true","filename.txt","20","1","10","10","0.5","11"
"941","None","0.5","filename.txt","1","Best found","0.5","Penalty Method","Constraint 2","F2 Schwefel Function","true","filename.txt","20","1","10","21","0.5","22"
"942","None","0.5","filename.txt","1","Best found","0.5","Penalty Method","Constraint 2","F2 Schwefel Function","true","filename.txt","20","1","10","13","0.5","14"
"943","None","0.5","filename.txt","1","Best found","0.5","Penalty Method","Constraint 2","F2 Schwefel Function","true","filename.txt","20","1","10","600","0.49949604594188285","600"
"945","None","0.5","filename.txt","1","Best found","0.5","Penalty Method","Constraint 2","F2 Schwefel Function","true","filename.txt","20","1","10","18","0.5","19"
"944","None","0.5","filename.txt","1","Best found","0.5","Penalty Method","Constraint 2","F2 Schwefel Function","true","filename.txt","20","1","10","10","0.5","11"
"946","None","0.5","filename.txt","1","Best found","0.5","Penalty Method","Constraint 2","F2 Schwefel Function","true","filename.txt","20","1","10","6","0.5","7"
"947","None","0.5","filename.txt","1","Best found","0.5","Penalty Method","Constraint 2","F2 Schwefel Function","true","filename.txt","20","1","10","12","0.5","13"
"948","None","0.5","filename.txt","1","Best found","0.5","Penalty Method","Constraint 2","F2 Schwefel Function","true","filename.txt","20","1","10","16","0.5","17"
"949","None","0.5","filename.txt","1","Best found","0.5","Penalty Method","Constraint 2","F2 Schwefel Function","true","filename.txt","20","1","10","10","0.5","11"
"950","None","0.5","filename.txt","1","Best found","0.5","Penalty Method","Constraint 2","F2 Schwefel Function","true","filename.txt","20","1","10","13","0.5","14"
"953","None","0.5","filename.txt","1","Best found","0.5","Penalty Method","Constraint 2","F2 Schwefel Function","true","filename.txt","20","1","10","10","0.5","11"
"952","None","0.5","filename.txt","1","Best found","0.5","Penalty Method","Constraint 2","F2 Schwefel Function","true","filename.txt","20","1","10","15","0.5","16"
"951","None","0.5","filename.txt","1","Best found","0.5","Penalty Method","Constraint 2","F2 Schwefel Function","true","filename.txt","20","1","10","600","0.49949604594188285","600"
"954","None","0.5","filename.txt","1","Best found","0.5","Penalty Method","Constraint 2","F2 Schwefel Function","true","filename.txt","20","1","10","9","0.5","10"
"955","None","0.5","filename.txt","1","Best found","0.5","Penalty Method","Constraint 2","F2 Schwefel Function","true","filename.txt","20","1","10","600","0.49949604594188285","600"
"956","None","0.5","filename.txt","1","Best found","0.5","Penalty Method","Constraint 2","F2 Schwefel Function","true","filename.txt","20","1","10","8","0.5","9"
"957","None","0.5","filename.txt","1","Best found","0.5","Penalty Method","Constraint 2","F2 Schwefel Function","true","filename.txt","20","1","10","15","0.5","16"
"958","None","0.5","filename.txt","1","Best found","0.5","Penalty Method","Constraint 2","F2 Schwefel Function","true","filename.txt","20","1","10","600","0.49949604594188285","600"
"960","None","0.5","filename.txt","1","Best found","0.5","Penalty Method","Constraint 2","F2 Schwefel Function","true","filename.txt","20","1","10","15","0.5","16"
"959","None","0.5","filename.txt","1","Best found","0.5","Penalty Method","Constraint 2","F2 Schwefel Function","true","filename.txt","20","1","10","11","0.5","12"
"961","None","0.5","filename.txt","1","Best found","0.5","Penalty Method","Constraint 2","F2 Schwefel Function","true","filename.txt","20","1","10","21","0.5","22"
"962","None","0.5","filename.txt","1","Best found","0.5","Penalty Method","Constraint 2","F2 Schwefel Function","true","filename.txt","20","1","10","13","0.5","14"
"965","None","0.5","filename.txt","1","Best found","0.5","Penalty Method","Constraint 2","F2 Schwefel Function","true","filename.txt","20","1","10","8","0.5","9"
"964","None","0.5","filename.txt","1","Best found","0.5","Penalty Method","Constraint 2","F2 Schwefel Function","true","filename.txt","20","1","10","600","0.49949604594188285","600"
"963","None","0.5","filename.txt","1","Best found","0.5","Penalty Method","Constraint 2","F2 Schwefel Function","true","filename.txt","20","1","10","600","0.49949604594188285","600"
"966","None","0.5","filename.txt","1","Best found","0.5","Penalty Method","Constraint 2","F2 Schwefel Function","true","filename.txt","20","1","10","19","0.5","20"
"967","None","0.5","filename.txt","1","Best found","0.5","Penalty Method","Constraint 2","F2 Schwefel Function","true","filename.txt","20","1","10","11","0.5","12"
"968","None","0.5","filename.txt","1","Best found","0.5","Penalty Method","Constraint 2","F2 Schwefel Function","true","filename.txt","20","1","10","20","0.5","21"
"969","None","0.5","filename.txt","1","Best found","0.5","Penalty Method","Constraint 2","F2 Schwefel Function","true","filename.txt","20","1","10","14","0.5","15"
"970","None","0.5","filename.txt","1","Best found","0.5","Penalty Method","Constraint 2","F2 Schwefel Function","true","filename.txt","20","1","10","11","0.5","12"
"973","None","0.5","filename.txt","1","Best found","0.5","Penalty Method","Constraint 2","F2 Schwefel Function","true","filename.txt","20","1","10","20","0.5","21"
"971","None","0.5","filename.txt","1","Best found","0.5","Penalty Method","Constraint 2","F2 Schwefel Function","true","filename.txt","20","1","10","5","0.5","6"
"972","None","0.5","filename.txt","1","Best found","0.5","Penalty Method","Constraint 2","F2 Schwefel Function","true","filename.txt","20","1","10","7","0.5","8"
"974","None","0.5","filename.txt","1","Best found","0.5","Penalty Method","Constraint 2","F2 Schwefel Function","true","filename.txt","20","1","10","15","0.5","16"
"975","None","0.5","filename.txt","1","Best found","0.5","Penalty Method","Constraint 2","F2 Schwefel Function","true","filename.txt","20","1","10","10","0.5","11"
"976","None","0.5","filename.txt","1","Best found","0.5","Penalty Method","Constraint 2","F2 Schwefel Function","true","filename.txt","20","1","10","16","0.5","17"
"977","None","0.5","filename.txt","1","Best found","0.5","Penalty Method","Constraint 2","F2 Schwefel Function","true","filename.txt","20","1","10","8","0.5","9"
"978","None","0.5","filename.txt","1","Best found","0.5","Penalty Method","Constraint 2","F2 Schwefel Function","true","filename.txt","20","1","10","9","0.5","10"
"979","None","0.5","filename.txt","1","Best found","0.5","Penalty Method","Constraint 2","F2 Schwefel Function","true","filename.txt","20","1","10","8","0.5","9"
"980","None","0.5","filename.txt","1","Best found","0.5","Penalty Method","Constraint 2","F2 Schwefel Function","true","filename.txt","20","1","10","17","0.5","18"
"981","None","0.5","filename.txt","1","Best found","0.5","Penalty Method","Constraint 2","F2 Schwefel Function","true","filename.txt","20","1","10","15","0.5","16"
"982","None","0.5","filename.txt","1","Best found","0.5","Penalty Method","Constraint 2","F2 Schwefel Function","true","filename.txt","20","1","10","12","0.5","13"
"983","None","0.5","filename.txt","1","Best found","0.5","Penalty Method","Constraint 2","F2 Schwefel Function","true","filename.txt","20","1","10","10","0.5","11"
"984","None","0.5","filename.txt","1","Best found","0.5","Penalty Method","Constraint 2","F2 Schwefel Function","true","filename.txt","20","1","10","13","0.5","14"
"985","None","0.5","filename.txt","1","Best found","0.5","Penalty Method","Constraint 2","F2 Schwefel Function","true","filename.txt","20","1","10","15","0.5","16"
"986","None","0.5","filename.txt","1","Best found","0.5","Penalty Method","Constraint 2","F2 Schwefel Function","true","filename.txt","20","1","10","11","0.5","12"
"987","None","0.5","filename.txt","1","Best found","0.5","Penalty Method","Constraint 2","F2 Schwefel Function","true","filename.txt","20","1","10","10","0.5","11"
"989","None","0.5","filename.txt","1","Best found","0.5","Penalty Method","Constraint 2","F2 Schwefel Function","true","filename.txt","20","1","10","11","0.5","12"
"988","None","0.5","filename.txt","1","Best found","0.5","Penalty Method","Constraint 2","F2 Schwefel Function","true","filename.txt","20","1","10","600","0.49949604594188285","600"
"990","None","0.5","filename.txt","1","Best found","0.5","Penalty Method","Constraint 2","F2 Schwefel Function","true","filename.txt","20","1","10","600","0.49949604594188285","600"
"991","None","0.5","filename.txt","1","Best found","0.5","Penalty Method","Constraint 2","F2 Schwefel Function","true","filename.txt","20","1","10","6","0.5","7"
"993","None","0.5","filename.txt","1","Best found","0.5","Penalty Method","Constraint 2","F2 Schwefel Function","true","filename.txt","20","1","10","12","0.5","13"
"992","None","0.5","filename.txt","1","Best found","0.5","Penalty Method","Constraint 2","F2 Schwefel Function","true","filename.txt","20","1","10","600","0.49949604594188285","600"
"994","None","0.5","filename.txt","1","Best found","0.5","Penalty Method","Constraint 2","F2 Schwefel Function","true","filename.txt","20","1","10","14","0.5","15"
"995","None","0.5","filename.txt","1","Best found","0.5","Penalty Method","Constraint 2","F2 Schwefel Function","true","filename.txt","20","1","10","600","0.49949604594188285","600"
"996","None","0.5","filename.txt","1","Best found","0.5","Penalty Method","Constraint 2","F2 Schwefel Function","true","filename.txt","20","1","10","13","0.5","14"
"997","None","0.5","filename.txt","1","Best found","0.5","Penalty Method","Constraint 2","F2 Schwefel Function","true","filename.txt","20","1","10","16","0.5","17"
"998","None","0.5","filename.txt","1","Best found","0.5","Penalty Method","Constraint 2","F2 Schwefel Function","true","filename.txt","20","1","10","8","0.5","9"
"999","None","0.5","filename.txt","1","Best found","0.5","Penalty Method","Constraint 2","F2 Schwefel Function","true","filename.txt","20","1","10","600","0.49949604594188285","600"
"1000","None","0.5","filename.txt","1","Best found","0.5","Penalty Method","Constraint 2","F2 Schwefel Function","true","filename.txt","20","1","10","22","0.5","23"
"1002","None","0.5","filename.txt","1","Best found","0.5","Penalty Method","Constraint 2","F2 Schwefel Function","true","filename.txt","22","1","10","6","0.5","7"
"1001","None","0.5","filename.txt","1","Best found","0.5","Penalty Method","Constraint 2","F2 Schwefel Function","true","filename.txt","22","1","10","600","0.49949604594188285","600"
"1003","None","0.5","filename.txt","1","Best found","0.5","Penalty Method","Constraint 2","F2 Schwefel Function","true","filename.txt","22","1","10","8","0.5","9"
"1004","None","0.5","filename.txt","1","Best found","0.5","Penalty Method","Constraint 2","F2 Schwefel Function","true","filename.txt","22","1","10","11","0.5","12"
"1005","None","0.5","filename.txt","1","Best found","0.5","Penalty Method","Constraint 2","F2 Schwefel Function","true","filename.txt","22","1","10","17","0.5","18"
"1006","None","0.5","filename.txt","1","Best found","0.5","Penalty Method","Constraint 2","F2 Schwefel Function","true","filename.txt","22","1","10","12","0.5","13"
"1007","None","0.5","filename.txt","1","Best found","0.5","Penalty Method","Constraint 2","F2 Schwefel Function","true","filename.txt","22","1","10","10","0.5","11"
"1008","None","0.5","filename.txt","1","Best found","0.5","Penalty Method","Constraint 2","F2 Schwefel Function","true","filename.txt","22","1","10","14","0.5","15"
"1009","None","0.5","filename.txt","1","Best found","0.5","Penalty Method","Constraint 2","F2 Schwefel Function","true","filename.txt","22","1","10","6","0.5","7"
"1010","None","0.5","filename.txt","1","Best found","0.5","Penalty Method","Constraint 2","F2 Schwefel Function","true","filename.txt","22","1","10","12","0.5","13"
"1011","None","0.5","filename.txt","1","Best found","0.5","Penalty Method","Constraint 2","F2 Schwefel Function","true","filename.txt","22","1","10","11","0.5","12"
"1012","None","0.5","filename.txt","1","Best found","0.5","Penalty Method","Constraint 2","F2 Schwefel Function","true","filename.txt","22","1","10","15","0.5","16"
"1014","None","0.5","filename.txt","1","Best found","0.5","Penalty Method","Constraint 2","F2 Schwefel Function","true","filename.txt","22","1","10","7","0.5","8"
"1013","None","0.5","filename.txt","1","Best found","0.5","Penalty Method","Constraint 2","F2 Schwefel Function","true","filename.txt","22","1","10","600","0.49949604594188285","600"
"1015","None","0.5","filename.txt","1","Best found","0.5","Penalty Method","Constraint 2","F2 Schwefel Function","true","filename.txt","22","1","10","3","0.5","4"
"1016","None","0.5","filename.txt","1","Best found","0.5","Penalty Method","Constraint 2","F2 Schwefel Function","true","filename.txt","22","1","10","11","0.5","12"
"1018","None","0.5","filename.txt","1","Best found","0.5","Penalty Method","Constraint 2","F2 Schwefel Function","true","filename.txt","22","1","10","12","0.5","13"
"1017","None","0.5","filename.txt","1","Best found","0.5","Penalty Method","Constraint 2","F2 Schwefel Function","true","filename.txt","22","1","10","12","0.5","13"
"1019","None","0.5","filename.txt","1","Best found","0.5","Penalty Method","Constraint 2","F2 Schwefel Function","true","filename.txt","22","1","10","9","0.5","10"
"1020","None","0.5","filename.txt","1","Best found","0.5","Penalty Method","Constraint 2","F2 Schwefel Function","true","filename.txt","22","1","10","13","0.5","14"
"1021","None","0.5","filename.txt","1","Best found","0.5","Penalty Method","Constraint 2","F2 Schwefel Function","true","filename.txt","22","1","10","11","0.5","12"
"1022","None","0.5","filename.txt","1","Best found","0.5","Penalty Method","Constraint 2","F2 Schwefel Function","true","filename.txt","22","1","10","15","0.5","16"
"1023","None","0.5","filename.txt","1","Best found","0.5","Penalty Method","Constraint 2","F2 Schwefel Function","true","filename.txt","22","1","10","23","0.5","24"
"1024","None","0.5","filename.txt","1","Best found","0.5","Penalty Method","Constraint 2","F2 Schwefel Function","true","filename.txt","22","1","10","16","0.5","17"
"1025","None","0.5","filename.txt","1","Best found","0.5","Penalty Method","Constraint 2","F2 Schwefel Function","true","filename.txt","22","1","10","13","0.5","14"
"1026","None","0.5","filename.txt","1","Best found","0.5","Penalty Method","Constraint 2","F2 Schwefel Function","true","filename.txt","22","1","10","21","0.5","22"
"1027","None","0.5","filename.txt","1","Best found","0.5","Penalty Method","Constraint 2","F2 Schwefel Function","true","filename.txt","22","1","10","12","0.5","13"
"1029","None","0.5","filename.txt","1","Best found","0.5","Penalty Method","Constraint 2","F2 Schwefel Function","true","filename.txt","22","1","10","13","0.5","14"
"1028","None","0.5","filename.txt","1","Best found","0.5","Penalty Method","Constraint 2","F2 Schwefel Function","true","filename.txt","22","1","10","11","0.5","12"
"1030","None","0.5","filename.txt","1","Best found","0.5","Penalty Method","Constraint 2","F2 Schwefel Function","true","filename.txt","22","1","10","15","0.5","16"
"1031","None","0.5","filename.txt","1","Best found","0.5","Penalty Method","Constraint 2","F2 Schwefel Function","true","filename.txt","22","1","10","13","0.5","14"
"1032","None","0.5","filename.txt","1","Best found","0.5","Penalty Method","Constraint 2","F2 Schwefel Function","true","filename.txt","22","1","10","11","0.5","12"
"1034","None","0.5","filename.txt","1","Best found","0.5","Penalty Method","Constraint 2","F2 Schwefel Function","true","filename.txt","22","1","10","18","0.5","19"
"1033","None","0.5","filename.txt","1","Best found","0.5","Penalty Method","Constraint 2","F2 Schwefel Function","true","filename.txt","22","1","10","600","0.49949604594188285","600"
"1035","None","0.5","filename.txt","1","Best found","0.5","Penalty Method","Constraint 2","F2 Schwefel Function","true","filename.txt","22","1","10","14","0.5","15"
"1036","None","0.5","filename.txt","1","Best found","0.5","Penalty Method","Constraint 2","F2 Schwefel Function","true","filename.txt","22","1","10","17","0.5","18"
"1038","None","0.5","filename.txt","1","Best found","0.5","Penalty Method","Constraint 2","F2 Schwefel Function","true","filename.txt","22","1","10","7","0.5","8"
"1037","None","0.5","filename.txt","1","Best found","0.5","Penalty Method","Constraint 2","F2 Schwefel Function","true","filename.txt","22","1","10","600","0.49949604594188285","600"
"1039","None","0.5","filename.txt","1","Best found","0.5","Penalty Method","Constraint 2","F2 Schwefel Function","true","filename.txt","22","1","10","8","0.5","9"
"1040","None","0.5","filename.txt","1","Best found","0.5","Penalty Method","Constraint 2","F2 Schwefel Function","true","filename.txt","22","1","10","13","0.5","14"
"1041","None","0.5","filename.txt","1","Best found","0.5","Penalty Method","Constraint 2","F2 Schwefel Function","true","filename.txt","22","1","10","16","0.5","17"
"1042","None","0.5","filename.txt","1","Best found","0.5","Penalty Method","Constraint 2","F2 Schwefel Function","true","filename.txt","22","1","10","600","0.49949604594188285","600"
"1043","None","0.5","filename.txt","1","Best found","0.5","Penalty Method","Constraint 2","F2 Schwefel Function","true","filename.txt","22","1","10","19","0.5","20"
"1044","None","0.5","filename.txt","1","Best found","0.5","Penalty Method","Constraint 2","F2 Schwefel Function","true","filename.txt","22","1","10","12","0.5","13"
"1045","None","0.5","filename.txt","1","Best found","0.5","Penalty Method","Constraint 2","F2 Schwefel Function","true","filename.txt","22","1","10","12","0.5","13"
"1046","None","0.5","filename.txt","1","Best found","0.5","Penalty Method","Constraint 2","F2 Schwefel Function","true","filename.txt","22","1","10","13","0.5","14"
"1047","None","0.5","filename.txt","1","Best found","0.5","Penalty Method","Constraint 2","F2 Schwefel Function","true","filename.txt","22","1","10","9","0.5","10"
"1048","None","0.5","filename.txt","1","Best found","0.5","Penalty Method","Constraint 2","F2 Schwefel Function","true","filename.txt","22","1","10","11","0.5","12"
"1049","None","0.5","filename.txt","1","Best found","0.5","Penalty Method","Constraint 2","F2 Schwefel Function","true","filename.txt","22","1","10","8","0.5","9"
"1050","None","0.5","filename.txt","1","Best found","0.5","Penalty Method","Constraint 2","F2 Schwefel Function","true","filename.txt","22","1","10","13","0.5","14"
"1051","None","0.5","filename.txt","1","Best found","0.5","Penalty Method","Constraint 2","F2 Schwefel Function","true","filename.txt","22","1","10","11","0.5","12"
"1052","None","0.5","filename.txt","1","Best found","0.5","Penalty Method","Constraint 2","F2 Schwefel Function","true","filename.txt","22","1","10","600","0.49949604594188285","600"
"1053","None","0.5","filename.txt","1","Best found","0.5","Penalty Method","Constraint 2","F2 Schwefel Function","true","filename.txt","22","1","10","11","0.5","12"
"1054","None","0.5","filename.txt","1","Best found","0.5","Penalty Method","Constraint 2","F2 Schwefel Function","true","filename.txt","22","1","10","11","0.5","12"
"1055","None","0.5","filename.txt","1","Best found","0.5","Penalty Method","Constraint 2","F2 Schwefel Function","true","filename.txt","22","1","10","13","0.5","14"
"1056","None","0.5","filename.txt","1","Best found","0.5","Penalty Method","Constraint 2","F2 Schwefel Function","true","filename.txt","22","1","10","15","0.5","16"
"1057","None","0.5","filename.txt","1","Best found","0.5","Penalty Method","Constraint 2","F2 Schwefel Function","true","filename.txt","22","1","10","11","0.5","12"
"1058","None","0.5","filename.txt","1","Best found","0.5","Penalty Method","Constraint 2","F2 Schwefel Function","true","filename.txt","22","1","10","14","0.5","15"
"1059","None","0.5","filename.txt","1","Best found","0.5","Penalty Method","Constraint 2","F2 Schwefel Function","true","filename.txt","22","1","10","11","0.5","12"
"1060","None","0.5","filename.txt","1","Best found","0.5","Penalty Method","Constraint 2","F2 Schwefel Function","true","filename.txt","22","1","10","11","0.5","12"
"1061","None","0.5","filename.txt","1","Best found","0.5","Penalty Method","Constraint 2","F2 Schwefel Function","true","filename.txt","22","1","10","17","0.5","18"
"1062","None","0.5","filename.txt","1","Best found","0.5","Penalty Method","Constraint 2","F2 Schwefel Function","true","filename.txt","22","1","10","14","0.5","15"
"1063","None","0.5","filename.txt","1","Best found","0.5","Penalty Method","Constraint 2","F2 Schwefel Function","true","filename.txt","22","1","10","14","0.5","15"
"1064","None","0.5","filename.txt","1","Best found","0.5","Penalty Method","Constraint 2","F2 Schwefel Function","true","filename.txt","22","1","10","15","0.5","16"
"1065","None","0.5","filename.txt","1","Best found","0.5","Penalty Method","Constraint 2","F2 Schwefel Function","true","filename.txt","22","1","10","14","0.5","15"
"1067","None","0.5","filename.txt","1","Best found","0.5","Penalty Method","Constraint 2","F2 Schwefel Function","true","filename.txt","22","1","10","8","0.5","9"
"1066","None","0.5","filename.txt","1","Best found","0.5","Penalty Method","Constraint 2","F2 Schwefel Function","true","filename.txt","22","1","10","11","0.5","12"
"1068","None","0.5","filename.txt","1","Best found","0.5","Penalty Method","Constraint 2","F2 Schwefel Function","true","filename.txt","22","1","10","9","0.5","10"
"1069","None","0.5","filename.txt","1","Best found","0.5","Penalty Method","Constraint 2","F2 Schwefel Function","true","filename.txt","22","1","10","9","0.5","10"
"1070","None","0.5","filename.txt","1","Best found","0.5","Penalty Method","Constraint 2","F2 Schwefel Function","true","filename.txt","22","1","10","9","0.5","10"
"1071","None","0.5","filename.txt","1","Best found","0.5","Penalty Method","Constraint 2","F2 Schwefel Function","true","filename.txt","22","1","10","8","0.5","9"
"1072","None","0.5","filename.txt","1","Best found","0.5","Penalty Method","Constraint 2","F2 Schwefel Function","true","filename.txt","22","1","10","12","0.5","13"
"1073","None","0.5","filename.txt","1","Best found","0.5","Penalty Method","Constraint 2","F2 Schwefel Function","true","filename.txt","22","1","10","600","0.49949604594188285","600"
"1074","None","0.5","filename.txt","1","Best found","0.5","Penalty Method","Constraint 2","F2 Schwefel Function","true","filename.txt","22","1","10","10","0.5","11"
"1075","None","0.5","filename.txt","1","Best found","0.5","Penalty Method","Constraint 2","F2 Schwefel Function","true","filename.txt","22","1","10","13","0.5","14"
"1076","None","0.5","filename.txt","1","Best found","0.5","Penalty Method","Constraint 2","F2 Schwefel Function","true","filename.txt","22","1","10","8","0.5","9"
"1077","None","0.5","filename.txt","1","Best found","0.5","Penalty Method","Constraint 2","F2 Schwefel Function","true","filename.txt","22","1","10","10","0.5","11"
"1079","None","0.5","filename.txt","1","Best found","0.5","Penalty Method","Constraint 2","F2 Schwefel Function","true","filename.txt","22","1","10","18","0.5","19"
"1078","None","0.5","filename.txt","1","Best found","0.5","Penalty Method","Constraint 2","F2 Schwefel Function","true","filename.txt","22","1","10","600","0.49949604594188285","600"
"1080","None","0.5","filename.txt","1","Best found","0.5","Penalty Method","Constraint 2","F2 Schwefel Function","true","filename.txt","22","1","10","6","0.5","7"
"1081","None","0.5","filename.txt","1","Best found","0.5","Penalty Method","Constraint 2","F2 Schwefel Function","true","filename.txt","22","1","10","6","0.5","7"
"1082","None","0.5","filename.txt","1","Best found","0.5","Penalty Method","Constraint 2","F2 Schwefel Function","true","filename.txt","22","1","10","15","0.5","16"
"1083","None","0.5","filename.txt","1","Best found","0.5","Penalty Method","Constraint 2","F2 Schwefel Function","true","filename.txt","22","1","10","12","0.5","13"
"1084","None","0.5","filename.txt","1","Best found","0.5","Penalty Method","Constraint 2","F2 Schwefel Function","true","filename.txt","22","1","10","8","0.5","9"
"1085","None","0.5","filename.txt","1","Best found","0.5","Penalty Method","Constraint 2","F2 Schwefel Function","true","filename.txt","22","1","10","11","0.5","12"
"1086","None","0.5","filename.txt","1","Best found","0.5","Penalty Method","Constraint 2","F2 Schwefel Function","true","filename.txt","22","1","10","7","0.5","8"
"1087","None","0.5","filename.txt","1","Best found","0.5","Penalty Method","Constraint 2","F2 Schwefel Function","true","filename.txt","22","1","10","13","0.5","14"
"1088","None","0.5","filename.txt","1","Best found","0.5","Penalty Method","Constraint 2","F2 Schwefel Function","true","filename.txt","22","1","10","8","0.5","9"
"1089","None","0.5","filename.txt","1","Best found","0.5","Penalty Method","Constraint 2","F2 Schwefel Function","true","filename.txt","22","1","10","12","0.5","13"
"1090","None","0.5","filename.txt","1","Best found","0.5","Penalty Method","Constraint 2","F2 Schwefel Function","true","filename.txt","22","1","10","14","0.5","15"
"1091","None","0.5","filename.txt","1","Best found","0.5","Penalty Method","Constraint 2","F2 Schwefel Function","true","filename.txt","22","1","10","600","0.49949604594188285","600"
"1092","None","0.5","filename.txt","1","Best found","0.5","Penalty Method","Constraint 2","F2 Schwefel Function","true","filename.txt","22","1","10","14","0.5","15"
"1093","None","0.5","filename.txt","1","Best found","0.5","Penalty Method","Constraint 2","F2 Schwefel Function","true","filename.txt","22","1","10","8","0.5","9"
"1094","None","0.5","filename.txt","1","Best found","0.5","Penalty Method","Constraint 2","F2 Schwefel Function","true","filename.txt","22","1","10","9","0.5","10"
"1095","None","0.5","filename.txt","1","Best found","0.5","Penalty Method","Constraint 2","F2 Schwefel Function","true","filename.txt","22","1","10","12","0.5","13"
"1096","None","0.5","filename.txt","1","Best found","0.5","Penalty Method","Constraint 2","F2 Schwefel Function","true","filename.txt","22","1","10","13","0.5","14"
"1097","None","0.5","filename.txt","1","Best found","0.5","Penalty Method","Constraint 2","F2 Schwefel Function","true","filename.txt","22","1","10","5","0.5","6"
"1098","None","0.5","filename.txt","1","Best found","0.5","Penalty Method","Constraint 2","F2 Schwefel Function","true","filename.txt","22","1","10","14","0.5","15"
"1099","None","0.5","filename.txt","1","Best found","0.5","Penalty Method","Constraint 2","F2 Schwefel Function","true","filename.txt","22","1","10","6","0.5","7"
"1100","None","0.5","filename.txt","1","Best found","0.5","Penalty Method","Constraint 2","F2 Schwefel Function","true","filename.txt","22","1","10","12","0.5","13"
"1101","None","0.5","filename.txt","1","Best found","0.5","Penalty Method","Constraint 2","F2 Schwefel Function","true","filename.txt","24","1","10","13","0.5","14"
"1102","None","0.5","filename.txt","1","Best found","0.5","Penalty Method","Constraint 2","F2 Schwefel Function","true","filename.txt","24","1","10","17","0.5","18"
"1103","None","0.5","filename.txt","1","Best found","0.5","Penalty Method","Constraint 2","F2 Schwefel Function","true","filename.txt","24","1","10","2","0.5","3"
"1104","None","0.5","filename.txt","1","Best found","0.5","Penalty Method","Constraint 2","F2 Schwefel Function","true","filename.txt","24","1","10","600","0.49949604594188285","600"
"1105","None","0.5","filename.txt","1","Best found","0.5","Penalty Method","Constraint 2","F2 Schwefel Function","true","filename.txt","24","1","10","16","0.5","17"
"1106","None","0.5","filename.txt","1","Best found","0.5","Penalty Method","Constraint 2","F2 Schwefel Function","true","filename.txt","24","1","10","15","0.5","16"
"1108","None","0.5","filename.txt","1","Best found","0.5","Penalty Method","Constraint 2","F2 Schwefel Function","true","filename.txt","24","1","10","10","0.5","11"
"1107","None","0.5","filename.txt","1","Best found","0.5","Penalty Method","Constraint 2","F2 Schwefel Function","true","filename.txt","24","1","10","14","0.5","15"
"1109","None","0.5","filename.txt","1","Best found","0.5","Penalty Method","Constraint 2","F2 Schwefel Function","true","filename.txt","24","1","10","11","0.5","12"
"1110","None","0.5","filename.txt","1","Best found","0.5","Penalty Method","Constraint 2","F2 Schwefel Function","true","filename.txt","24","1","10","17","0.5","18"
"1111","None","0.5","filename.txt","1","Best found","0.5","Penalty Method","Constraint 2","F2 Schwefel Function","true","filename.txt","24","1","10","23","0.5","24"
"1112","None","0.5","filename.txt","1","Best found","0.5","Penalty Method","Constraint 2","F2 Schwefel Function","true","filename.txt","24","1","10","11","0.5","12"
"1114","None","0.5","filename.txt","1","Best found","0.5","Penalty Method","Constraint 2","F2 Schwefel Function","true","filename.txt","24","1","10","8","0.5","9"
"1113","None","0.5","filename.txt","1","Best found","0.5","Penalty Method","Constraint 2","F2 Schwefel Function","true","filename.txt","24","1","10","10","0.5","11"
"1115","None","0.5","filename.txt","1","Best found","0.5","Penalty Method","Constraint 2","F2 Schwefel Function","true","filename.txt","24","1","10","16","0.5","17"
"1116","None","0.5","filename.txt","1","Best found","0.5","Penalty Method","Constraint 2","F2 Schwefel Function","true","filename.txt","24","1","10","11","0.5","12"
"1117","None","0.5","filename.txt","1","Best found","0.5","Penalty Method","Constraint 2","F2 Schwefel Function","true","filename.txt","24","1","10","27","0.5","28"
"1118","None","0.5","filename.txt","1","Best found","0.5","Penalty Method","Constraint 2","F2 Schwefel Function","true","filename.txt","24","1","10","13","0.5","14"
"1119","None","0.5","filename.txt","1","Best found","0.5","Penalty Method","Constraint 2","F2 Schwefel Function","true","filename.txt","24","1","10","10","0.5","11"
"1120","None","0.5","filename.txt","1","Best found","0.5","Penalty Method","Constraint 2","F2 Schwefel Function","true","filename.txt","24","1","10","23","0.5","24"
"1122","None","0.5","filename.txt","1","Best found","0.5","Penalty Method","Constraint 2","F2 Schwefel Function","true","filename.txt","24","1","10","11","0.5","12"
"1121","None","0.5","filename.txt","1","Best found","0.5","Penalty Method","Constraint 2","F2 Schwefel Function","true","filename.txt","24","1","10","600","0.49949604594188285","600"
"1123","None","0.5","filename.txt","1","Best found","0.5","Penalty Method","Constraint 2","F2 Schwefel Function","true","filename.txt","24","1","10","8","0.5","9"
"1124","None","0.5","filename.txt","1","Best found","0.5","Penalty Method","Constraint 2","F2 Schwefel Function","true","filename.txt","24","1","10","10","0.5","11"
"1125","None","0.5","filename.txt","1","Best found","0.5","Penalty Method","Constraint 2","F2 Schwefel Function","true","filename.txt","24","1","10","9","0.5","10"
"1126","None","0.5","filename.txt","1","Best found","0.5","Penalty Method","Constraint 2","F2 Schwefel Function","true","filename.txt","24","1","10","10","0.5","11"
"1127","None","0.5","filename.txt","1","Best found","0.5","Penalty Method","Constraint 2","F2 Schwefel Function","true","filename.txt","24","1","10","17","0.5","18"
"1128","None","0.5","filename.txt","1","Best found","0.5","Penalty Method","Constraint 2","F2 Schwefel Function","true","filename.txt","24","1","10","12","0.5","13"
"1129","None","0.5","filename.txt","1","Best found","0.5","Penalty Method","Constraint 2","F2 Schwefel Function","true","filename.txt","24","1","10","15","0.5","16"
"1130","None","0.5","filename.txt","1","Best found","0.5","Penalty Method","Constraint 2","F2 Schwefel Function","true","filename.txt","24","1","10","10","0.5","11"
"1131","None","0.5","filename.txt","1","Best found","0.5","Penalty Method","Constraint 2","F2 Schwefel Function","true","filename.txt","24","1","10","16","0.5","17"
"1132","None","0.5","filename.txt","1","Best found","0.5","Penalty Method","Constraint 2","F2 Schwefel Function","true","filename.txt","24","1","10","5","0.5","6"
"1133","None","0.5","filename.txt","1","Best found","0.5","Penalty Method","Constraint 2","F2 Schwefel Function","true","filename.txt","24","1","10","15","0.5","16"
"1134","None","0.5","filename.txt","1","Best found","0.5","Penalty Method","Constraint 2","F2 Schwefel Function","true","filename.txt","24","1","10","15","0.5","16"
"1135","None","0.5","filename.txt","1","Best found","0.5","Penalty Method","Constraint 2","F2 Schwefel Function","true","filename.txt","24","1","10","10","0.5","11"
"1136","None","0.5","filename.txt","1","Best found","0.5","Penalty Method","Constraint 2","F2 Schwefel Function","true","filename.txt","24","1","10","10","0.5","11"
"1137","None","0.5","filename.txt","1","Best found","0.5","Penalty Method","Constraint 2","F2 Schwefel Function","true","filename.txt","24","1","10","9","0.5","10"
"1138","None","0.5","filename.txt","1","Best found","0.5","Penalty Method","Constraint 2","F2 Schwefel Function","true","filename.txt","24","1","10","8","0.5","9"
"1139","None","0.5","filename.txt","1","Best found","0.5","Penalty Method","Constraint 2","F2 Schwefel Function","true","filename.txt","24","1","10","10","0.5","11"
"1142","None","0.5","filename.txt","1","Best found","0.5","Penalty Method","Constraint 2","F2 Schwefel Function","true","filename.txt","24","1","10","5","0.5","6"
"1141","None","0.5","filename.txt","1","Best found","0.5","Penalty Method","Constraint 2","F2 Schwefel Function","true","filename.txt","24","1","10","14","0.5","15"
"1140","None","0.5","filename.txt","1","Best found","0.5","Penalty Method","Constraint 2","F2 Schwefel Function","true","filename.txt","24","1","10","0","0.5","1"
"1143","None","0.5","filename.txt","1","Best found","0.5","Penalty Method","Constraint 2","F2 Schwefel Function","true","filename.txt","24","1","10","10","0.5","11"
"1144","None","0.5","filename.txt","1","Best found","0.5","Penalty Method","Constraint 2","F2 Schwefel Function","true","filename.txt","24","1","10","12","0.5","13"
"1146","None","0.5","filename.txt","1","Best found","0.5","Penalty Method","Constraint 2","F2 Schwefel Function","true","filename.txt","24","1","10","12","0.5","13"
"1145","None","0.5","filename.txt","1","Best found","0.5","Penalty Method","Constraint 2","F2 Schwefel Function","true","filename.txt","24","1","10","10","0.5","11"
"1147","None","0.5","filename.txt","1","Best found","0.5","Penalty Method","Constraint 2","F2 Schwefel Function","true","filename.txt","24","1","10","12","0.5","13"
"1148","None","0.5","filename.txt","1","Best found","0.5","Penalty Method","Constraint 2","F2 Schwefel Function","true","filename.txt","24","1","10","12","0.5","13"
"1149","None","0.5","filename.txt","1","Best found","0.5","Penalty Method","Constraint 2","F2 Schwefel Function","true","filename.txt","24","1","10","16","0.5","17"
"1150","None","0.5","filename.txt","1","Best found","0.5","Penalty Method","Constraint 2","F2 Schwefel Function","true","filename.txt","24","1","10","18","0.5","19"
"1151","None","0.5","filename.txt","1","Best found","0.5","Penalty Method","Constraint 2","F2 Schwefel Function","true","filename.txt","24","1","10","24","0.5","25"
"1152","None","0.5","filename.txt","1","Best found","0.5","Penalty Method","Constraint 2","F2 Schwefel Function","true","filename.txt","24","1","10","13","0.5","14"
"1153","None","0.5","filename.txt","1","Best found","0.5","Penalty Method","Constraint 2","F2 Schwefel Function","true","filename.txt","24","1","10","10","0.5","11"
"1154","None","0.5","filename.txt","1","Best found","0.5","Penalty Method","Constraint 2","F2 Schwefel Function","true","filename.txt","24","1","10","10","0.5","11"
"1155","None","0.5","filename.txt","1","Best found","0.5","Penalty Method","Constraint 2","F2 Schwefel Function","true","filename.txt","24","1","10","8","0.5","9"
"1156","None","0.5","filename.txt","1","Best found","0.5","Penalty Method","Constraint 2","F2 Schwefel Function","true","filename.txt","24","1","10","15","0.5","16"
"1157","None","0.5","filename.txt","1","Best found","0.5","Penalty Method","Constraint 2","F2 Schwefel Function","true","filename.txt","24","1","10","21","0.5","22"
"1158","None","0.5","filename.txt","1","Best found","0.5","Penalty Method","Constraint 2","F2 Schwefel Function","true","filename.txt","24","1","10","9","0.5","10"
"1159","None","0.5","filename.txt","1","Best found","0.5","Penalty Method","Constraint 2","F2 Schwefel Function","true","filename.txt","24","1","10","15","0.5","16"
"1160","None","0.5","filename.txt","1","Best found","0.5","Penalty Method","Constraint 2","F2 Schwefel Function","true","filename.txt","24","1","10","15","0.5","16"
"1161","None","0.5","filename.txt","1","Best found","0.5","Penalty Method","Constraint 2","F2 Schwefel Function","true","filename.txt","24","1","10","5","0.5","6"
"1162","None","0.5","filename.txt","1","Best found","0.5","Penalty Method","Constraint 2","F2 Schwefel Function","true","filename.txt","24","1","10","10","0.5","11"
"1163","None","0.5","filename.txt","1","Best found","0.5","Penalty Method","Constraint 2","F2 Schwefel Function","true","filename.txt","24","1","10","10","0.5","11"
"1164","None","0.5","filename.txt","1","Best found","0.5","Penalty Method","Constraint 2","F2 Schwefel Function","true","filename.txt","24","1","10","6","0.5","7"
"1165","None","0.5","filename.txt","1","Best found","0.5","Penalty Method","Constraint 2","F2 Schwefel Function","true","filename.txt","24","1","10","10","0.5","11"
"1166","None","0.5","filename.txt","1","Best found","0.5","Penalty Method","Constraint 2","F2 Schwefel Function","true","filename.txt","24","1","10","15","0.5","16"
"1167","None","0.5","filename.txt","1","Best found","0.5","Penalty Method","Constraint 2","F2 Schwefel Function","true","filename.txt","24","1","10","12","0.5","13"
"1168","None","0.5","filename.txt","1","Best found","0.5","Penalty Method","Constraint 2","F2 Schwefel Function","true","filename.txt","24","1","10","7","0.5","8"
"1169","None","0.5","filename.txt","1","Best found","0.5","Penalty Method","Constraint 2","F2 Schwefel Function","true","filename.txt","24","1","10","16","0.5","17"
"1170","None","0.5","filename.txt","1","Best found","0.5","Penalty Method","Constraint 2","F2 Schwefel Function","true","filename.txt","24","1","10","15","0.5","16"
"1171","None","0.5","filename.txt","1","Best found","0.5","Penalty Method","Constraint 2","F2 Schwefel Function","true","filename.txt","24","1","10","11","0.5","12"
"1172","None","0.5","filename.txt","1","Best found","0.5","Penalty Method","Constraint 2","F2 Schwefel Function","true","filename.txt","24","1","10","12","0.5","13"
"1173","None","0.5","filename.txt","1","Best found","0.5","Penalty Method","Constraint 2","F2 Schwefel Function","true","filename.txt","24","1","10","600","0.49949604594188285","600"
"1174","None","0.5","filename.txt","1","Best found","0.5","Penalty Method","Constraint 2","F2 Schwefel Function","true","filename.txt","24","1","10","15","0.5","16"
"1175","None","0.5","filename.txt","1","Best found","0.5","Penalty Method","Constraint 2","F2 Schwefel Function","true","filename.txt","24","1","10","23","0.5","24"
"1176","None","0.5","filename.txt","1","Best found","0.5","Penalty Method","Constraint 2","F2 Schwefel Function","true","filename.txt","24","1","10","11","0.5","12"
"1177","None","0.5","filename.txt","1","Best found","0.5","Penalty Method","Constraint 2","F2 Schwefel Function","true","filename.txt","24","1","10","10","0.5","11"
"1178","None","0.5","filename.txt","1","Best found","0.5","Penalty Method","Constraint 2","F2 Schwefel Function","true","filename.txt","24","1","10","12","0.5","13"
"1179","None","0.5","filename.txt","1","Best found","0.5","Penalty Method","Constraint 2","F2 Schwefel Function","true","filename.txt","24","1","10","11","0.5","12"
"1180","None","0.5","filename.txt","1","Best found","0.5","Penalty Method","Constraint 2","F2 Schwefel Function","true","filename.txt","24","1","10","13","0.5","14"
"1181","None","0.5","filename.txt","1","Best found","0.5","Penalty Method","Constraint 2","F2 Schwefel Function","true","filename.txt","24","1","10","14","0.5","15"
"1182","None","0.5","filename.txt","1","Best found","0.5","Penalty Method","Constraint 2","F2 Schwefel Function","true","filename.txt","24","1","10","19","0.5","20"
"1183","None","0.5","filename.txt","1","Best found","0.5","Penalty Method","Constraint 2","F2 Schwefel Function","true","filename.txt","24","1","10","15","0.5","16"
"1184","None","0.5","filename.txt","1","Best found","0.5","Penalty Method","Constraint 2","F2 Schwefel Function","true","filename.txt","24","1","10","12","0.5","13"
"1185","None","0.5","filename.txt","1","Best found","0.5","Penalty Method","Constraint 2","F2 Schwefel Function","true","filename.txt","24","1","10","11","0.5","12"
"1186","None","0.5","filename.txt","1","Best found","0.5","Penalty Method","Constraint 2","F2 Schwefel Function","true","filename.txt","24","1","10","20","0.5","21"
"1187","None","0.5","filename.txt","1","Best found","0.5","Penalty Method","Constraint 2","F2 Schwefel Function","true","filename.txt","24","1","10","13","0.5","14"
"1188","None","0.5","filename.txt","1","Best found","0.5","Penalty Method","Constraint 2","F2 Schwefel Function","true","filename.txt","24","1","10","11","0.5","12"
"1189","None","0.5","filename.txt","1","Best found","0.5","Penalty Method","Constraint 2","F2 Schwefel Function","true","filename.txt","24","1","10","11","0.5","12"
"1190","None","0.5","filename.txt","1","Best found","0.5","Penalty Method","Constraint 2","F2 Schwefel Function","true","filename.txt","24","1","10","15","0.5","16"
"1191","None","0.5","filename.txt","1","Best found","0.5","Penalty Method","Constraint 2","F2 Schwefel Function","true","filename.txt","24","1","10","17","0.5","18"
"1192","None","0.5","filename.txt","1","Best found","0.5","Penalty Method","Constraint 2","F2 Schwefel Function","true","filename.txt","24","1","10","9","0.5","10"
"1193","None","0.5","filename.txt","1","Best found","0.5","Penalty Method","Constraint 2","F2 Schwefel Function","true","filename.txt","24","1","10","14","0.5","15"
"1194","None","0.5","filename.txt","1","Best found","0.5","Penalty Method","Constraint 2","F2 Schwefel Function","true","filename.txt","24","1","10","9","0.5","10"
"1195","None","0.5","filename.txt","1","Best found","0.5","Penalty Method","Constraint 2","F2 Schwefel Function","true","filename.txt","24","1","10","12","0.5","13"
"1196","None","0.5","filename.txt","1","Best found","0.5","Penalty Method","Constraint 2","F2 Schwefel Function","true","filename.txt","24","1","10","15","0.5","16"
"1197","None","0.5","filename.txt","1","Best found","0.5","Penalty Method","Constraint 2","F2 Schwefel Function","true","filename.txt","24","1","10","14","0.5","15"
"1198","None","0.5","filename.txt","1","Best found","0.5","Penalty Method","Constraint 2","F2 Schwefel Function","true","filename.txt","24","1","10","14","0.5","15"
"1199","None","0.5","filename.txt","1","Best found","0.5","Penalty Method","Constraint 2","F2 Schwefel Function","true","filename.txt","24","1","10","14","0.5","15"
"1200","None","0.5","filename.txt","1","Best found","0.5","Penalty Method","Constraint 2","F2 Schwefel Function","true","filename.txt","24","1","10","6","0.5","7"
"1201","None","0.5","filename.txt","1","Best found","0.5","Penalty Method","Constraint 2","F2 Schwefel Function","true","filename.txt","26","1","10","8","0.5","9"
"1202","None","0.5","filename.txt","1","Best found","0.5","Penalty Method","Constraint 2","F2 Schwefel Function","true","filename.txt","26","1","10","15","0.5","16"
"1203","None","0.5","filename.txt","1","Best found","0.5","Penalty Method","Constraint 2","F2 Schwefel Function","true","filename.txt","26","1","10","8","0.5","9"
"1204","None","0.5","filename.txt","1","Best found","0.5","Penalty Method","Constraint 2","F2 Schwefel Function","true","filename.txt","26","1","10","10","0.5","11"
"1205","None","0.5","filename.txt","1","Best found","0.5","Penalty Method","Constraint 2","F2 Schwefel Function","true","filename.txt","26","1","10","20","0.5","21"
"1206","None","0.5","filename.txt","1","Best found","0.5","Penalty Method","Constraint 2","F2 Schwefel Function","true","filename.txt","26","1","10","15","0.5","16"
"1207","None","0.5","filename.txt","1","Best found","0.5","Penalty Method","Constraint 2","F2 Schwefel Function","true","filename.txt","26","1","10","11","0.5","12"
"1208","None","0.5","filename.txt","1","Best found","0.5","Penalty Method","Constraint 2","F2 Schwefel Function","true","filename.txt","26","1","10","10","0.5","11"
"1209","None","0.5","filename.txt","1","Best found","0.5","Penalty Method","Constraint 2","F2 Schwefel Function","true","filename.txt","26","1","10","12","0.5","13"
"1210","None","0.5","filename.txt","1","Best found","0.5","Penalty Method","Constraint 2","F2 Schwefel Function","true","filename.txt","26","1","10","14","0.5","15"
"1211","None","0.5","filename.txt","1","Best found","0.5","Penalty Method","Constraint 2","F2 Schwefel Function","true","filename.txt","26","1","10","14","0.5","15"
"1212","None","0.5","filename.txt","1","Best found","0.5","Penalty Method","Constraint 2","F2 Schwefel Function","true","filename.txt","26","1","10","11","0.5","12"
"1213","None","0.5","filename.txt","1","Best found","0.5","Penalty Method","Constraint 2","F2 Schwefel Function","true","filename.txt","26","1","10","10","0.5","11"
"1214","None","0.5","filename.txt","1","Best found","0.5","Penalty Method","Constraint 2","F2 Schwefel Function","true","filename.txt","26","1","10","15","0.5","16"
"1215","None","0.5","filename.txt","1","Best found","0.5","Penalty Method","Constraint 2","F2 Schwefel Function","true","filename.txt","26","1","10","10","0.5","11"
"1216","None","0.5","filename.txt","1","Best found","0.5","Penalty Method","Constraint 2","F2 Schwefel Function","true","filename.txt","26","1","10","10","0.5","11"
"1217","None","0.5","filename.txt","1","Best found","0.5","Penalty Method","Constraint 2","F2 Schwefel Function","true","filename.txt","26","1","10","11","0.5","12"
"1218","None","0.5","filename.txt","1","Best found","0.5","Penalty Method","Constraint 2","F2 Schwefel Function","true","filename.txt","26","1","10","4","0.5","5"
"1219","None","0.5","filename.txt","1","Best found","0.5","Penalty Method","Constraint 2","F2 Schwefel Function","true","filename.txt","26","1","10","7","0.5","8"
"1220","None","0.5","filename.txt","1","Best found","0.5","Penalty Method","Constraint 2","F2 Schwefel Function","true","filename.txt","26","1","10","3","0.5","4"
"1221","None","0.5","filename.txt","1","Best found","0.5","Penalty Method","Constraint 2","F2 Schwefel Function","true","filename.txt","26","1","10","6","0.5","7"
"1222","None","0.5","filename.txt","1","Best found","0.5","Penalty Method","Constraint 2","F2 Schwefel Function","true","filename.txt","26","1","10","13","0.5","14"
"1223","None","0.5","filename.txt","1","Best found","0.5","Penalty Method","Constraint 2","F2 Schwefel Function","true","filename.txt","26","1","10","15","0.5","16"
"1224","None","0.5","filename.txt","1","Best found","0.5","Penalty Method","Constraint 2","F2 Schwefel Function","true","filename.txt","26","1","10","7","0.5","8"
"1225","None","0.5","filename.txt","1","Best found","0.5","Penalty Method","Constraint 2","F2 Schwefel Function","true","filename.txt","26","1","10","8","0.5","9"
"1227","None","0.5","filename.txt","1","Best found","0.5","Penalty Method","Constraint 2","F2 Schwefel Function","true","filename.txt","26","1","10","12","0.5","13"
"1226","None","0.5","filename.txt","1","Best found","0.5","Penalty Method","Constraint 2","F2 Schwefel Function","true","filename.txt","26","1","10","10","0.5","11"
"1228","None","0.5","filename.txt","1","Best found","0.5","Penalty Method","Constraint 2","F2 Schwefel Function","true","filename.txt","26","1","10","11","0.5","12"
"1229","None","0.5","filename.txt","1","Best found","0.5","Penalty Method","Constraint 2","F2 Schwefel Function","true","filename.txt","26","1","10","14","0.5","15"
"1230","None","0.5","filename.txt","1","Best found","0.5","Penalty Method","Constraint 2","F2 Schwefel Function","true","filename.txt","26","1","10","16","0.5","17"
"1231","None","0.5","filename.txt","1","Best found","0.5","Penalty Method","Constraint 2","F2 Schwefel Function","true","filename.txt","26","1","10","4","0.5","5"
"1232","None","0.5","filename.txt","1","Best found","0.5","Penalty Method","Constraint 2","F2 Schwefel Function","true","filename.txt","26","1","10","9","0.5","10"
"1233","None","0.5","filename.txt","1","Best found","0.5","Penalty Method","Constraint 2","F2 Schwefel Function","true","filename.txt","26","1","10","8","0.5","9"
"1234","None","0.5","filename.txt","1","Best found","0.5","Penalty Method","Constraint 2","F2 Schwefel Function","true","filename.txt","26","1","10","10","0.5","11"
"1235","None","0.5","filename.txt","1","Best found","0.5","Penalty Method","Constraint 2","F2 Schwefel Function","true","filename.txt","26","1","10","8","0.5","9"
"1236","None","0.5","filename.txt","1","Best found","0.5","Penalty Method","Constraint 2","F2 Schwefel Function","true","filename.txt","26","1","10","17","0.5","18"
"1237","None","0.5","filename.txt","1","Best found","0.5","Penalty Method","Constraint 2","F2 Schwefel Function","true","filename.txt","26","1","10","11","0.5","12"
"1238","None","0.5","filename.txt","1","Best found","0.5","Penalty Method","Constraint 2","F2 Schwefel Function","true","filename.txt","26","1","10","20","0.5","21"
"1239","None","0.5","filename.txt","1","Best found","0.5","Penalty Method","Constraint 2","F2 Schwefel Function","true","filename.txt","26","1","10","10","0.5","11"
"1240","None","0.5","filename.txt","1","Best found","0.5","Penalty Method","Constraint 2","F2 Schwefel Function","true","filename.txt","26","1","10","8","0.5","9"
"1241","None","0.5","filename.txt","1","Best found","0.5","Penalty Method","Constraint 2","F2 Schwefel Function","true","filename.txt","26","1","10","12","0.5","13"
"1242","None","0.5","filename.txt","1","Best found","0.5","Penalty Method","Constraint 2","F2 Schwefel Function","true","filename.txt","26","1","10","14","0.5","15"
"1244","None","0.5","filename.txt","1","Best found","0.5","Penalty Method","Constraint 2","F2 Schwefel Function","true","filename.txt","26","1","10","7","0.5","8"
"1243","None","0.5","filename.txt","1","Best found","0.5","Penalty Method","Constraint 2","F2 Schwefel Function","true","filename.txt","26","1","10","20","0.5","21"
"1245","None","0.5","filename.txt","1","Best found","0.5","Penalty Method","Constraint 2","F2 Schwefel Function","true","filename.txt","26","1","10","8","0.5","9"
"1246","None","0.5","filename.txt","1","Best found","0.5","Penalty Method","Constraint 2","F2 Schwefel Function","true","filename.txt","26","1","10","10","0.5","11"
"1247","None","0.5","filename.txt","1","Best found","0.5","Penalty Method","Constraint 2","F2 Schwefel Function","true","filename.txt","26","1","10","16","0.5","17"
"1248","None","0.5","filename.txt","1","Best found","0.5","Penalty Method","Constraint 2","F2 Schwefel Function","true","filename.txt","26","1","10","17","0.5","18"
"1249","None","0.5","filename.txt","1","Best found","0.5","Penalty Method","Constraint 2","F2 Schwefel Function","true","filename.txt","26","1","10","5","0.5","6"
"1250","None","0.5","filename.txt","1","Best found","0.5","Penalty Method","Constraint 2","F2 Schwefel Function","true","filename.txt","26","1","10","0","0.5","1"
"1251","None","0.5","filename.txt","1","Best found","0.5","Penalty Method","Constraint 2","F2 Schwefel Function","true","filename.txt","26","1","10","13","0.5","14"
"1252","None","0.5","filename.txt","1","Best found","0.5","Penalty Method","Constraint 2","F2 Schwefel Function","true","filename.txt","26","1","10","8","0.5","9"
"1253","None","0.5","filename.txt","1","Best found","0.5","Penalty Method","Constraint 2","F2 Schwefel Function","true","filename.txt","26","1","10","12","0.5","13"
"1254","None","0.5","filename.txt","1","Best found","0.5","Penalty Method","Constraint 2","F2 Schwefel Function","true","filename.txt","26","1","10","14","0.5","15"
"1255","None","0.5","filename.txt","1","Best found","0.5","Penalty Method","Constraint 2","F2 Schwefel Function","true","filename.txt","26","1","10","10","0.5","11"
"1256","None","0.5","filename.txt","1","Best found","0.5","Penalty Method","Constraint 2","F2 Schwefel Function","true","filename.txt","26","1","10","600","0.49949604594188285","600"
"1257","None","0.5","filename.txt","1","Best found","0.5","Penalty Method","Constraint 2","F2 Schwefel Function","true","filename.txt","26","1","10","12","0.5","13"
"1258","None","0.5","filename.txt","1","Best found","0.5","Penalty Method","Constraint 2","F2 Schwefel Function","true","filename.txt","26","1","10","13","0.5","14"
"1259","None","0.5","filename.txt","1","Best found","0.5","Penalty Method","Constraint 2","F2 Schwefel Function","true","filename.txt","26","1","10","15","0.5","16"
"1260","None","0.5","filename.txt","1","Best found","0.5","Penalty Method","Constraint 2","F2 Schwefel Function","true","filename.txt","26","1","10","13","0.5","14"
"1261","None","0.5","filename.txt","1","Best found","0.5","Penalty Method","Constraint 2","F2 Schwefel Function","true","filename.txt","26","1","10","8","0.5","9"
"1262","None","0.5","filename.txt","1","Best found","0.5","Penalty Method","Constraint 2","F2 Schwefel Function","true","filename.txt","26","1","10","11","0.5","12"
"1263","None","0.5","filename.txt","1","Best found","0.5","Penalty Method","Constraint 2","F2 Schwefel Function","true","filename.txt","26","1","10","600","0.49155290904014565","600"
"1264","None","0.5","filename.txt","1","Best found","0.5","Penalty Method","Constraint 2","F2 Schwefel Function","true","filename.txt","26","1","10","12","0.5","13"
"1265","None","0.5","filename.txt","1","Best found","0.5","Penalty Method","Constraint 2","F2 Schwefel Function","true","filename.txt","26","1","10","2","0.5","3"
"1266","None","0.5","filename.txt","1","Best found","0.5","Penalty Method","Constraint 2","F2 Schwefel Function","true","filename.txt","26","1","10","600","0.49949604594188285","600"
"1267","None","0.5","filename.txt","1","Best found","0.5","Penalty Method","Constraint 2","F2 Schwefel Function","true","filename.txt","26","1","10","17","0.5","18"
"1268","None","0.5","filename.txt","1","Best found","0.5","Penalty Method","Constraint 2","F2 Schwefel Function","true","filename.txt","26","1","10","8","0.5","9"
"1269","None","0.5","filename.txt","1","Best found","0.5","Penalty Method","Constraint 2","F2 Schwefel Function","true","filename.txt","26","1","10","15","0.5","16"
"1270","None","0.5","filename.txt","1","Best found","0.5","Penalty Method","Constraint 2","F2 Schwefel Function","true","filename.txt","26","1","10","7","0.5","8"
"1271","None","0.5","filename.txt","1","Best found","0.5","Penalty Method","Constraint 2","F2 Schwefel Function","true","filename.txt","26","1","10","10","0.5","11"
"1272","None","0.5","filename.txt","1","Best found","0.5","Penalty Method","Constraint 2","F2 Schwefel Function","true","filename.txt","26","1","10","8","0.5","9"
"1273","None","0.5","filename.txt","1","Best found","0.5","Penalty Method","Constraint 2","F2 Schwefel Function","true","filename.txt","26","1","10","6","0.5","7"
"1274","None","0.5","filename.txt","1","Best found","0.5","Penalty Method","Constraint 2","F2 Schwefel Function","true","filename.txt","26","1","10","14","0.5","15"
"1275","None","0.5","filename.txt","1","Best found","0.5","Penalty Method","Constraint 2","F2 Schwefel Function","true","filename.txt","26","1","10","12","0.5","13"
"1276","None","0.5","filename.txt","1","Best found","0.5","Penalty Method","Constraint 2","F2 Schwefel Function","true","filename.txt","26","1","10","15","0.5","16"
"1277","None","0.5","filename.txt","1","Best found","0.5","Penalty Method","Constraint 2","F2 Schwefel Function","true","filename.txt","26","1","10","7","0.5","8"
"1278","None","0.5","filename.txt","1","Best found","0.5","Penalty Method","Constraint 2","F2 Schwefel Function","true","filename.txt","26","1","10","10","0.5","11"
"1279","None","0.5","filename.txt","1","Best found","0.5","Penalty Method","Constraint 2","F2 Schwefel Function","true","filename.txt","26","1","10","11","0.5","12"
"1280","None","0.5","filename.txt","1","Best found","0.5","Penalty Method","Constraint 2","F2 Schwefel Function","true","filename.txt","26","1","10","600","0.49949604594188285","600"
"1281","None","0.5","filename.txt","1","Best found","0.5","Penalty Method","Constraint 2","F2 Schwefel Function","true","filename.txt","26","1","10","7","0.5","8"
"1282","None","0.5","filename.txt","1","Best found","0.5","Penalty Method","Constraint 2","F2 Schwefel Function","true","filename.txt","26","1","10","600","0.49949604594188285","600"
"1283","None","0.5","filename.txt","1","Best found","0.5","Penalty Method","Constraint 2","F2 Schwefel Function","true","filename.txt","26","1","10","19","0.5","20"
"1284","None","0.5","filename.txt","1","Best found","0.5","Penalty Method","Constraint 2","F2 Schwefel Function","true","filename.txt","26","1","10","13","0.5","14"
"1285","None","0.5","filename.txt","1","Best found","0.5","Penalty Method","Constraint 2","F2 Schwefel Function","true","filename.txt","26","1","10","14","0.5","15"
"1286","None","0.5","filename.txt","1","Best found","0.5","Penalty Method","Constraint 2","F2 Schwefel Function","true","filename.txt","26","1","10","10","0.5","11"
"1287","None","0.5","filename.txt","1","Best found","0.5","Penalty Method","Constraint 2","F2 Schwefel Function","true","filename.txt","26","1","10","600","0.4979341096159179","600"
"1288","None","0.5","filename.txt","1","Best found","0.5","Penalty Method","Constraint 2","F2 Schwefel Function","true","filename.txt","26","1","10","14","0.5","15"
"1289","None","0.5","filename.txt","1","Best found","0.5","Penalty Method","Constraint 2","F2 Schwefel Function","true","filename.txt","26","1","10","12","0.5","13"
"1290","None","0.5","filename.txt","1","Best found","0.5","Penalty Method","Constraint 2","F2 Schwefel Function","true","filename.txt","26","1","10","10","0.5","11"
"1291","None","0.5","filename.txt","1","Best found","0.5","Penalty Method","Constraint 2","F2 Schwefel Function","true","filename.txt","26","1","10","9","0.5","10"
"1292","None","0.5","filename.txt","1","Best found","0.5","Penalty Method","Constraint 2","F2 Schwefel Function","true","filename.txt","26","1","10","12","0.5","13"
"1293","None","0.5","filename.txt","1","Best found","0.5","Penalty Method","Constraint 2","F2 Schwefel Function","true","filename.txt","26","1","10","8","0.5","9"
"1294","None","0.5","filename.txt","1","Best found","0.5","Penalty Method","Constraint 2","F2 Schwefel Function","true","filename.txt","26","1","10","20","0.5","21"
"1296","None","0.5","filename.txt","1","Best found","0.5","Penalty Method","Constraint 2","F2 Schwefel Function","true","filename.txt","26","1","10","10","0.5","11"
"1295","None","0.5","filename.txt","1","Best found","0.5","Penalty Method","Constraint 2","F2 Schwefel Function","true","filename.txt","26","1","10","600","0.49949604594188285","600"
"1297","None","0.5","filename.txt","1","Best found","0.5","Penalty Method","Constraint 2","F2 Schwefel Function","true","filename.txt","26","1","10","16","0.5","17"
"1298","None","0.5","filename.txt","1","Best found","0.5","Penalty Method","Constraint 2","F2 Schwefel Function","true","filename.txt","26","1","10","9","0.5","10"
"1299","None","0.5","filename.txt","1","Best found","0.5","Penalty Method","Constraint 2","F2 Schwefel Function","true","filename.txt","26","1","10","9","0.5","10"
"1300","None","0.5","filename.txt","1","Best found","0.5","Penalty Method","Constraint 2","F2 Schwefel Function","true","filename.txt","26","1","10","7","0.5","8"
"1301","None","0.5","filename.txt","1","Best found","0.5","Penalty Method","Constraint 2","F2 Schwefel Function","true","filename.txt","28","1","10","8","0.5","9"
"1302","None","0.5","filename.txt","1","Best found","0.5","Penalty Method","Constraint 2","F2 Schwefel Function","true","filename.txt","28","1","10","13","0.5","14"
"1303","None","0.5","filename.txt","1","Best found","0.5","Penalty Method","Constraint 2","F2 Schwefel Function","true","filename.txt","28","1","10","10","0.5","11"
"1304","None","0.5","filename.txt","1","Best found","0.5","Penalty Method","Constraint 2","F2 Schwefel Function","true","filename.txt","28","1","10","15","0.5","16"
"1305","None","0.5","filename.txt","1","Best found","0.5","Penalty Method","Constraint 2","F2 Schwefel Function","true","filename.txt","28","1","10","9","0.5","10"
"1306","None","0.5","filename.txt","1","Best found","0.5","Penalty Method","Constraint 2","F2 Schwefel Function","true","filename.txt","28","1","10","18","0.5","19"
"1307","None","0.5","filename.txt","1","Best found","0.5","Penalty Method","Constraint 2","F2 Schwefel Function","true","filename.txt","28","1","10","8","0.5","9"
"1309","None","0.5","filename.txt","1","Best found","0.5","Penalty Method","Constraint 2","F2 Schwefel Function","true","filename.txt","28","1","10","9","0.5","10"
"1308","None","0.5","filename.txt","1","Best found","0.5","Penalty Method","Constraint 2","F2 Schwefel Function","true","filename.txt","28","1","10","19","0.5","20"
"1310","None","0.5","filename.txt","1","Best found","0.5","Penalty Method","Constraint 2","F2 Schwefel Function","true","filename.txt","28","1","10","15","0.5","16"
"1311","None","0.5","filename.txt","1","Best found","0.5","Penalty Method","Constraint 2","F2 Schwefel Function","true","filename.txt","28","1","10","12","0.5","13"
"1312","None","0.5","filename.txt","1","Best found","0.5","Penalty Method","Constraint 2","F2 Schwefel Function","true","filename.txt","28","1","10","14","0.5","15"
"1313","None","0.5","filename.txt","1","Best found","0.5","Penalty Method","Constraint 2","F2 Schwefel Function","true","filename.txt","28","1","10","15","0.5","16"
"1314","None","0.5","filename.txt","1","Best found","0.5","Penalty Method","Constraint 2","F2 Schwefel Function","true","filename.txt","28","1","10","10","0.5","11"
"1315","None","0.5","filename.txt","1","Best found","0.5","Penalty Method","Constraint 2","F2 Schwefel Function","true","filename.txt","28","1","10","9","0.5","10"
"1317","None","0.5","filename.txt","1","Best found","0.5","Penalty Method","Constraint 2","F2 Schwefel Function","true","filename.txt","28","1","10","20","0.5","21"
"1316","None","0.5","filename.txt","1","Best found","0.5","Penalty Method","Constraint 2","F2 Schwefel Function","true","filename.txt","28","1","10","12","0.5","13"
"1318","None","0.5","filename.txt","1","Best found","0.5","Penalty Method","Constraint 2","F2 Schwefel Function","true","filename.txt","28","1","10","19","0.5","20"
"1319","None","0.5","filename.txt","1","Best found","0.5","Penalty Method","Constraint 2","F2 Schwefel Function","true","filename.txt","28","1","10","9","0.5","10"
"1320","None","0.5","filename.txt","1","Best found","0.5","Penalty Method","Constraint 2","F2 Schwefel Function","true","filename.txt","28","1","10","9","0.5","10"
"1321","None","0.5","filename.txt","1","Best found","0.5","Penalty Method","Constraint 2","F2 Schwefel Function","true","filename.txt","28","1","10","8","0.5","9"
"1322","None","0.5","filename.txt","1","Best found","0.5","Penalty Method","Constraint 2","F2 Schwefel Function","true","filename.txt","28","1","10","10","0.5","11"
"1323","None","0.5","filename.txt","1","Best found","0.5","Penalty Method","Constraint 2","F2 Schwefel Function","true","filename.txt","28","1","10","12","0.5","13"
"1325","None","0.5","filename.txt","1","Best found","0.5","Penalty Method","Constraint 2","F2 Schwefel Function","true","filename.txt","28","1","10","5","0.5","6"
"1324","None","0.5","filename.txt","1","Best found","0.5","Penalty Method","Constraint 2","F2 Schwefel Function","true","filename.txt","28","1","10","8","0.5","9"
"1326","None","0.5","filename.txt","1","Best found","0.5","Penalty Method","Constraint 2","F2 Schwefel Function","true","filename.txt","28","1","10","6","0.5","7"
"1327","None","0.5","filename.txt","1","Best found","0.5","Penalty Method","Constraint 2","F2 Schwefel Function","true","filename.txt","28","1","10","18","0.5","19"
"1328","None","0.5","filename.txt","1","Best found","0.5","Penalty Method","Constraint 2","F2 Schwefel Function","true","filename.txt","28","1","10","12","0.5","13"
"1330","None","0.5","filename.txt","1","Best found","0.5","Penalty Method","Constraint 2","F2 Schwefel Function","true","filename.txt","28","1","10","11","0.5","12"
"1329","None","0.5","filename.txt","1","Best found","0.5","Penalty Method","Constraint 2","F2 Schwefel Function","true","filename.txt","28","1","10","13","0.5","14"
"1331","None","0.5","filename.txt","1","Best found","0.5","Penalty Method","Constraint 2","F2 Schwefel Function","true","filename.txt","28","1","10","19","0.5","20"
"1332","None","0.5","filename.txt","1","Best found","0.5","Penalty Method","Constraint 2","F2 Schwefel Function","true","filename.txt","28","1","10","10","0.5","11"
"1333","None","0.5","filename.txt","1","Best found","0.5","Penalty Method","Constraint 2","F2 Schwefel Function","true","filename.txt","28","1","10","7","0.5","8"
"1334","None","0.5","filename.txt","1","Best found","0.5","Penalty Method","Constraint 2","F2 Schwefel Function","true","filename.txt","28","1","10","8","0.5","9"
"1335","None","0.5","filename.txt","1","Best found","0.5","Penalty Method","Constraint 2","F2 Schwefel Function","true","filename.txt","28","1","10","5","0.5","6"
"1337","None","0.5","filename.txt","1","Best found","0.5","Penalty Method","Constraint 2","F2 Schwefel Function","true","filename.txt","28","1","10","10","0.5","11"
"1338","None","0.5","filename.txt","1","Best found","0.5","Penalty Method","Constraint 2","F2 Schwefel Function","true","filename.txt","28","1","10","7","0.5","8"
"1336","None","0.5","filename.txt","1","Best found","0.5","Penalty Method","Constraint 2","F2 Schwefel Function","true","filename.txt","28","1","10","600","0.49949604594188285","600"
"1339","None","0.5","filename.txt","1","Best found","0.5","Penalty Method","Constraint 2","F2 Schwefel Function","true","filename.txt","28","1","10","12","0.5","13"
"1340","None","0.5","filename.txt","1","Best found","0.5","Penalty Method","Constraint 2","F2 Schwefel Function","true","filename.txt","28","1","10","15","0.5","16"
"1341","None","0.5","filename.txt","1","Best found","0.5","Penalty Method","Constraint 2","F2 Schwefel Function","true","filename.txt","28","1","10","7","0.5","8"
"1342","None","0.5","filename.txt","1","Best found","0.5","Penalty Method","Constraint 2","F2 Schwefel Function","true","filename.txt","28","1","10","7","0.5","8"
"1343","None","0.5","filename.txt","1","Best found","0.5","Penalty Method","Constraint 2","F2 Schwefel Function","true","filename.txt","28","1","10","13","0.5","14"
"1344","None","0.5","filename.txt","1","Best found","0.5","Penalty Method","Constraint 2","F2 Schwefel Function","true","filename.txt","28","1","10","10","0.5","11"
"1345","None","0.5","filename.txt","1","Best found","0.5","Penalty Method","Constraint 2","F2 Schwefel Function","true","filename.txt","28","1","10","13","0.5","14"
"1346","None","0.5","filename.txt","1","Best found","0.5","Penalty Method","Constraint 2","F2 Schwefel Function","true","filename.txt","28","1","10","18","0.5","19"
"1347","None","0.5","filename.txt","1","Best found","0.5","Penalty Method","Constraint 2","F2 Schwefel Function","true","filename.txt","28","1","10","10","0.5","11"
"1348","None","0.5","filename.txt","1","Best found","0.5","Penalty Method","Constraint 2","F2 Schwefel Function","true","filename.txt","28","1","10","13","0.5","14"
"1349","None","0.5","filename.txt","1","Best found","0.5","Penalty Method","Constraint 2","F2 Schwefel Function","true","filename.txt","28","1","10","10","0.5","11"
"1350","None","0.5","filename.txt","1","Best found","0.5","Penalty Method","Constraint 2","F2 Schwefel Function","true","filename.txt","28","1","10","10","0.5","11"
"1351","None","0.5","filename.txt","1","Best found","0.5","Penalty Method","Constraint 2","F2 Schwefel Function","true","filename.txt","28","1","10","11","0.5","12"
"1352","None","0.5","filename.txt","1","Best found","0.5","Penalty Method","Constraint 2","F2 Schwefel Function","true","filename.txt","28","1","10","10","0.5","11"
"1353","None","0.5","filename.txt","1","Best found","0.5","Penalty Method","Constraint 2","F2 Schwefel Function","true","filename.txt","28","1","10","12","0.5","13"
"1354","None","0.5","filename.txt","1","Best found","0.5","Penalty Method","Constraint 2","F2 Schwefel Function","true","filename.txt","28","1","10","13","0.5","14"
"1355","None","0.5","filename.txt","1","Best found","0.5","Penalty Method","Constraint 2","F2 Schwefel Function","true","filename.txt","28","1","10","11","0.5","12"
"1356","None","0.5","filename.txt","1","Best found","0.5","Penalty Method","Constraint 2","F2 Schwefel Function","true","filename.txt","28","1","10","11","0.5","12"
"1357","None","0.5","filename.txt","1","Best found","0.5","Penalty Method","Constraint 2","F2 Schwefel Function","true","filename.txt","28","1","10","11","0.5","12"
"1358","None","0.5","filename.txt","1","Best found","0.5","Penalty Method","Constraint 2","F2 Schwefel Function","true","filename.txt","28","1","10","600","0.49949604594188285","600"
"1359","None","0.5","filename.txt","1","Best found","0.5","Penalty Method","Constraint 2","F2 Schwefel Function","true","filename.txt","28","1","10","5","0.5","6"
"1360","None","0.5","filename.txt","1","Best found","0.5","Penalty Method","Constraint 2","F2 Schwefel Function","true","filename.txt","28","1","10","15","0.5","16"
"1361","None","0.5","filename.txt","1","Best found","0.5","Penalty Method","Constraint 2","F2 Schwefel Function","true","filename.txt","28","1","10","6","0.5","7"
"1363","None","0.5","filename.txt","1","Best found","0.5","Penalty Method","Constraint 2","F2 Schwefel Function","true","filename.txt","28","1","10","8","0.5","9"
"1362","None","0.5","filename.txt","1","Best found","0.5","Penalty Method","Constraint 2","F2 Schwefel Function","true","filename.txt","28","1","10","8","0.5","9"
"1364","None","0.5","filename.txt","1","Best found","0.5","Penalty Method","Constraint 2","F2 Schwefel Function","true","filename.txt","28","1","10","11","0.5","12"
"1365","None","0.5","filename.txt","1","Best found","0.5","Penalty Method","Constraint 2","F2 Schwefel Function","true","filename.txt","28","1","10","10","0.5","11"
"1366","None","0.5","filename.txt","1","Best found","0.5","Penalty Method","Constraint 2","F2 Schwefel Function","true","filename.txt","28","1","10","11","0.5","12"
"1367","None","0.5","filename.txt","1","Best found","0.5","Penalty Method","Constraint 2","F2 Schwefel Function","true","filename.txt","28","1","10","12","0.5","13"
"1368","None","0.5","filename.txt","1","Best found","0.5","Penalty Method","Constraint 2","F2 Schwefel Function","true","filename.txt","28","1","10","15","0.5","16"
"1369","None","0.5","filename.txt","1","Best found","0.5","Penalty Method","Constraint 2","F2 Schwefel Function","true","filename.txt","28","1","10","8","0.5","9"
"1370","None","0.5","filename.txt","1","Best found","0.5","Penalty Method","Constraint 2","F2 Schwefel Function","true","filename.txt","28","1","10","9","0.5","10"
"1372","None","0.5","filename.txt","1","Best found","0.5","Penalty Method","Constraint 2","F2 Schwefel Function","true","filename.txt","28","1","10","4","0.5","5"
"1371","None","0.5","filename.txt","1","Best found","0.5","Penalty Method","Constraint 2","F2 Schwefel Function","true","filename.txt","28","1","10","8","0.5","9"
"1373","None","0.5","filename.txt","1","Best found","0.5","Penalty Method","Constraint 2","F2 Schwefel Function","true","filename.txt","28","1","10","6","0.5","7"
"1374","None","0.5","filename.txt","1","Best found","0.5","Penalty Method","Constraint 2","F2 Schwefel Function","true","filename.txt","28","1","10","9","0.5","10"
"1375","None","0.5","filename.txt","1","Best found","0.5","Penalty Method","Constraint 2","F2 Schwefel Function","true","filename.txt","28","1","10","6","0.5","7"
"1376","None","0.5","filename.txt","1","Best found","0.5","Penalty Method","Constraint 2","F2 Schwefel Function","true","filename.txt","28","1","10","15","0.5","16"
"1377","None","0.5","filename.txt","1","Best found","0.5","Penalty Method","Constraint 2","F2 Schwefel Function","true","filename.txt","28","1","10","14","0.5","15"
"1378","None","0.5","filename.txt","1","Best found","0.5","Penalty Method","Constraint 2","F2 Schwefel Function","true","filename.txt","28","1","10","11","0.5","12"
"1379","None","0.5","filename.txt","1","Best found","0.5","Penalty Method","Constraint 2","F2 Schwefel Function","true","filename.txt","28","1","10","9","0.5","10"
"1380","None","0.5","filename.txt","1","Best found","0.5","Penalty Method","Constraint 2","F2 Schwefel Function","true","filename.txt","28","1","10","9","0.5","10"
"1381","None","0.5","filename.txt","1","Best found","0.5","Penalty Method","Constraint 2","F2 Schwefel Function","true","filename.txt","28","1","10","11","0.5","12"
"1382","None","0.5","filename.txt","1","Best found","0.5","Penalty Method","Constraint 2","F2 Schwefel Function","true","filename.txt","28","1","10","14","0.5","15"
"1383","None","0.5","filename.txt","1","Best found","0.5","Penalty Method","Constraint 2","F2 Schwefel Function","true","filename.txt","28","1","10","13","0.5","14"
"1384","None","0.5","filename.txt","1","Best found","0.5","Penalty Method","Constraint 2","F2 Schwefel Function","true","filename.txt","28","1","10","8","0.5","9"
"1385","None","0.5","filename.txt","1","Best found","0.5","Penalty Method","Constraint 2","F2 Schwefel Function","true","filename.txt","28","1","10","8","0.5","9"
"1387","None","0.5","filename.txt","1","Best found","0.5","Penalty Method","Constraint 2","F2 Schwefel Function","true","filename.txt","28","1","10","9","0.5","10"
"1386","None","0.5","filename.txt","1","Best found","0.5","Penalty Method","Constraint 2","F2 Schwefel Function","true","filename.txt","28","1","10","11","0.5","12"
"1388","None","0.5","filename.txt","1","Best found","0.5","Penalty Method","Constraint 2","F2 Schwefel Function","true","filename.txt","28","1","10","10","0.5","11"
"1389","None","0.5","filename.txt","1","Best found","0.5","Penalty Method","Constraint 2","F2 Schwefel Function","true","filename.txt","28","1","10","12","0.5","13"
"1390","None","0.5","filename.txt","1","Best found","0.5","Penalty Method","Constraint 2","F2 Schwefel Function","true","filename.txt","28","1","10","6","0.5","7"
"1391","None","0.5","filename.txt","1","Best found","0.5","Penalty Method","Constraint 2","F2 Schwefel Function","true","filename.txt","28","1","10","14","0.5","15"
"1392","None","0.5","filename.txt","1","Best found","0.5","Penalty Method","Constraint 2","F2 Schwefel Function","true","filename.txt","28","1","10","14","0.5","15"
"1393","None","0.5","filename.txt","1","Best found","0.5","Penalty Method","Constraint 2","F2 Schwefel Function","true","filename.txt","28","1","10","12","0.5","13"
"1394","None","0.5","filename.txt","1","Best found","0.5","Penalty Method","Constraint 2","F2 Schwefel Function","true","filename.txt","28","1","10","10","0.5","11"
"1395","None","0.5","filename.txt","1","Best found","0.5","Penalty Method","Constraint 2","F2 Schwefel Function","true","filename.txt","28","1","10","5","0.5","6"
"1396","None","0.5","filename.txt","1","Best found","0.5","Penalty Method","Constraint 2","F2 Schwefel Function","true","filename.txt","28","1","10","7","0.5","8"
"1397","None","0.5","filename.txt","1","Best found","0.5","Penalty Method","Constraint 2","F2 Schwefel Function","true","filename.txt","28","1","10","11","0.5","12"
"1398","None","0.5","filename.txt","1","Best found","0.5","Penalty Method","Constraint 2","F2 Schwefel Function","true","filename.txt","28","1","10","9","0.5","10"
"1399","None","0.5","filename.txt","1","Best found","0.5","Penalty Method","Constraint 2","F2 Schwefel Function","true","filename.txt","28","1","10","9","0.5","10"
"1400","None","0.5","filename.txt","1","Best found","0.5","Penalty Method","Constraint 2","F2 Schwefel Function","true","filename.txt","28","1","10","11","0.5","12"
"1401","None","0.5","filename.txt","1","Best found","0.5","Penalty Method","Constraint 2","F2 Schwefel Function","true","filename.txt","30","1","10","12","0.5","13"
"1402","None","0.5","filename.txt","1","Best found","0.5","Penalty Method","Constraint 2","F2 Schwefel Function","true","filename.txt","30","1","10","10","0.5","11"
"1403","None","0.5","filename.txt","1","Best found","0.5","Penalty Method","Constraint 2","F2 Schwefel Function","true","filename.txt","30","1","10","16","0.5","17"
"1404","None","0.5","filename.txt","1","Best found","0.5","Penalty Method","Constraint 2","F2 Schwefel Function","true","filename.txt","30","1","10","12","0.5","13"
"1405","None","0.5","filename.txt","1","Best found","0.5","Penalty Method","Constraint 2","F2 Schwefel Function","true","filename.txt","30","1","10","11","0.5","12"
"1406","None","0.5","filename.txt","1","Best found","0.5","Penalty Method","Constraint 2","F2 Schwefel Function","true","filename.txt","30","1","10","13","0.5","14"
"1408","None","0.5","filename.txt","1","Best found","0.5","Penalty Method","Constraint 2","F2 Schwefel Function","true","filename.txt","30","1","10","9","0.5","10"
"1407","None","0.5","filename.txt","1","Best found","0.5","Penalty Method","Constraint 2","F2 Schwefel Function","true","filename.txt","30","1","10","15","0.5","16"
"1409","None","0.5","filename.txt","1","Best found","0.5","Penalty Method","Constraint 2","F2 Schwefel Function","true","filename.txt","30","1","10","10","0.5","11"
"1410","None","0.5","filename.txt","1","Best found","0.5","Penalty Method","Constraint 2","F2 Schwefel Function","true","filename.txt","30","1","10","12","0.5","13"
"1411","None","0.5","filename.txt","1","Best found","0.5","Penalty Method","Constraint 2","F2 Schwefel Function","true","filename.txt","30","1","10","8","0.5","9"
"1412","None","0.5","filename.txt","1","Best found","0.5","Penalty Method","Constraint 2","F2 Schwefel Function","true","filename.txt","30","1","10","12","0.5","13"
"1413","None","0.5","filename.txt","1","Best found","0.5","Penalty Method","Constraint 2","F2 Schwefel Function","true","filename.txt","30","1","10","10","0.5","11"
"1414","None","0.5","filename.txt","1","Best found","0.5","Penalty Method","Constraint 2","F2 Schwefel Function","true","filename.txt","30","1","10","12","0.5","13"
"1415","None","0.5","filename.txt","1","Best found","0.5","Penalty Method","Constraint 2","F2 Schwefel Function","true","filename.txt","30","1","10","15","0.5","16"
"1416","None","0.5","filename.txt","1","Best found","0.5","Penalty Method","Constraint 2","F2 Schwefel Function","true","filename.txt","30","1","10","11","0.5","12"
"1417","None","0.5","filename.txt","1","Best found","0.5","Penalty Method","Constraint 2","F2 Schwefel Function","true","filename.txt","30","1","10","8","0.5","9"
"1418","None","0.5","filename.txt","1","Best found","0.5","Penalty Method","Constraint 2","F2 Schwefel Function","true","filename.txt","30","1","10","17","0.5","18"
"1419","None","0.5","filename.txt","1","Best found","0.5","Penalty Method","Constraint 2","F2 Schwefel Function","true","filename.txt","30","1","10","10","0.5","11"
"1420","None","0.5","filename.txt","1","Best found","0.5","Penalty Method","Constraint 2","F2 Schwefel Function","true","filename.txt","30","1","10","9","0.5","10"
"1421","None","0.5","filename.txt","1","Best found","0.5","Penalty Method","Constraint 2","F2 Schwefel Function","true","filename.txt","30","1","10","14","0.5","15"
"1422","None","0.5","filename.txt","1","Best found","0.5","Penalty Method","Constraint 2","F2 Schwefel Function","true","filename.txt","30","1","10","7","0.5","8"
"1423","None","0.5","filename.txt","1","Best found","0.5","Penalty Method","Constraint 2","F2 Schwefel Function","true","filename.txt","30","1","10","12","0.5","13"
"1424","None","0.5","filename.txt","1","Best found","0.5","Penalty Method","Constraint 2","F2 Schwefel Function","true","filename.txt","30","1","10","10","0.5","11"
"1425","None","0.5","filename.txt","1","Best found","0.5","Penalty Method","Constraint 2","F2 Schwefel Function","true","filename.txt","30","1","10","9","0.5","10"
"1426","None","0.5","filename.txt","1","Best found","0.5","Penalty Method","Constraint 2","F2 Schwefel Function","true","filename.txt","30","1","10","5","0.5","6"
"1427","None","0.5","filename.txt","1","Best found","0.5","Penalty Method","Constraint 2","F2 Schwefel Function","true","filename.txt","30","1","10","13","0.5","14"
"1428","None","0.5","filename.txt","1","Best found","0.5","Penalty Method","Constraint 2","F2 Schwefel Function","true","filename.txt","30","1","10","14","0.5","15"
"1429","None","0.5","filename.txt","1","Best found","0.5","Penalty Method","Constraint 2","F2 Schwefel Function","true","filename.txt","30","1","10","21","0.5","22"
"1430","None","0.5","filename.txt","1","Best found","0.5","Penalty Method","Constraint 2","F2 Schwefel Function","true","filename.txt","30","1","10","13","0.5","14"
"1431","None","0.5","filename.txt","1","Best found","0.5","Penalty Method","Constraint 2","F2 Schwefel Function","true","filename.txt","30","1","10","10","0.5","11"
"1432","None","0.5","filename.txt","1","Best found","0.5","Penalty Method","Constraint 2","F2 Schwefel Function","true","filename.txt","30","1","10","8","0.5","9"
"1433","None","0.5","filename.txt","1","Best found","0.5","Penalty Method","Constraint 2","F2 Schwefel Function","true","filename.txt","30","1","10","14","0.5","15"
"1435","None","0.5","filename.txt","1","Best found","0.5","Penalty Method","Constraint 2","F2 Schwefel Function","true","filename.txt","30","1","10","11","0.5","12"
"1434","None","0.5","filename.txt","1","Best found","0.5","Penalty Method","Constraint 2","F2 Schwefel Function","true","filename.txt","30","1","10","16","0.5","17"
"1436","None","0.5","filename.txt","1","Best found","0.5","Penalty Method","Constraint 2","F2 Schwefel Function","true","filename.txt","30","1","10","10","0.5","11"
"1437","None","0.5","filename.txt","1","Best found","0.5","Penalty Method","Constraint 2","F2 Schwefel Function","true","filename.txt","30","1","10","11","0.5","12"
"1438","None","0.5","filename.txt","1","Best found","0.5","Penalty Method","Constraint 2","F2 Schwefel Function","true","filename.txt","30","1","10","15","0.5","16"
"1439","None","0.5","filename.txt","1","Best found","0.5","Penalty Method","Constraint 2","F2 Schwefel Function","true","filename.txt","30","1","10","600","0.49949604594188285","600"
"1441","None","0.5","filename.txt","1","Best found","0.5","Penalty Method","Constraint 2","F2 Schwefel Function","true","filename.txt","30","1","10","13","0.5","14"
"1442","None","0.5","filename.txt","1","Best found","0.5","Penalty Method","Constraint 2","F2 Schwefel Function","true","filename.txt","30","1","10","10","0.5","11"
"1440","None","0.5","filename.txt","1","Best found","0.5","Penalty Method","Constraint 2","F2 Schwefel Function","true","filename.txt","30","1","10","12","0.5","13"
"1443","None","0.5","filename.txt","1","Best found","0.5","Penalty Method","Constraint 2","F2 Schwefel Function","true","filename.txt","30","1","10","15","0.5","16"
"1445","None","0.5","filename.txt","1","Best found","0.5","Penalty Method","Constraint 2","F2 Schwefel Function","true","filename.txt","30","1","10","11","0.5","12"
"1444","None","0.5","filename.txt","1","Best found","0.5","Penalty Method","Constraint 2","F2 Schwefel Function","true","filename.txt","30","1","10","10","0.5","11"
"1446","None","0.5","filename.txt","1","Best found","0.5","Penalty Method","Constraint 2","F2 Schwefel Function","true","filename.txt","30","1","10","10","0.5","11"
"1447","None","0.5","filename.txt","1","Best found","0.5","Penalty Method","Constraint 2","F2 Schwefel Function","true","filename.txt","30","1","10","7","0.5","8"
"1449","None","0.5","filename.txt","1","Best found","0.5","Penalty Method","Constraint 2","F2 Schwefel Function","true","filename.txt","30","1","10","13","0.5","14"
"1450","None","0.5","filename.txt","1","Best found","0.5","Penalty Method","Constraint 2","F2 Schwefel Function","true","filename.txt","30","1","10","13","0.5","14"
"1451","None","0.5","filename.txt","1","Best found","0.5","Penalty Method","Constraint 2","F2 Schwefel Function","true","filename.txt","30","1","10","9","0.5","10"
"1448","None","0.5","filename.txt","1","Best found","0.5","Penalty Method","Constraint 2","F2 Schwefel Function","true","filename.txt","30","1","10","600","0.49949604594188285","600"
"1452","None","0.5","filename.txt","1","Best found","0.5","Penalty Method","Constraint 2","F2 Schwefel Function","true","filename.txt","30","1","10","13","0.5","14"
"1453","None","0.5","filename.txt","1","Best found","0.5","Penalty Method","Constraint 2","F2 Schwefel Function","true","filename.txt","30","1","10","17","0.5","18"
"1454","None","0.5","filename.txt","1","Best found","0.5","Penalty Method","Constraint 2","F2 Schwefel Function","true","filename.txt","30","1","10","11","0.5","12"
"1455","None","0.5","filename.txt","1","Best found","0.5","Penalty Method","Constraint 2","F2 Schwefel Function","true","filename.txt","30","1","10","8","0.5","9"
"1456","None","0.5","filename.txt","1","Best found","0.5","Penalty Method","Constraint 2","F2 Schwefel Function","true","filename.txt","30","1","10","8","0.5","9"
"1457","None","0.5","filename.txt","1","Best found","0.5","Penalty Method","Constraint 2","F2 Schwefel Function","true","filename.txt","30","1","10","8","0.5","9"
"1459","None","0.5","filename.txt","1","Best found","0.5","Penalty Method","Constraint 2","F2 Schwefel Function","true","filename.txt","30","1","10","8","0.5","9"
"1458","None","0.5","filename.txt","1","Best found","0.5","Penalty Method","Constraint 2","F2 Schwefel Function","true","filename.txt","30","1","10","10","0.5","11"
"1460","None","0.5","filename.txt","1","Best found","0.5","Penalty Method","Constraint 2","F2 Schwefel Function","true","filename.txt","30","1","10","12","0.5","13"
"1461","None","0.5","filename.txt","1","Best found","0.5","Penalty Method","Constraint 2","F2 Schwefel Function","true","filename.txt","30","1","10","17","0.5","18"
"1462","None","0.5","filename.txt","1","Best found","0.5","Penalty Method","Constraint 2","F2 Schwefel Function","true","filename.txt","30","1","10","10","0.5","11"
"1463","None","0.5","filename.txt","1","Best found","0.5","Penalty Method","Constraint 2","F2 Schwefel Function","true","filename.txt","30","1","10","8","0.5","9"
"1464","None","0.5","filename.txt","1","Best found","0.5","Penalty Method","Constraint 2","F2 Schwefel Function","true","filename.txt","30","1","10","8","0.5","9"
"1465","None","0.5","filename.txt","1","Best found","0.5","Penalty Method","Constraint 2","F2 Schwefel Function","true","filename.txt","30","1","10","9","0.5","10"
"1466","None","0.5","filename.txt","1","Best found","0.5","Penalty Method","Constraint 2","F2 Schwefel Function","true","filename.txt","30","1","10","10","0.5","11"
"1467","None","0.5","filename.txt","1","Best found","0.5","Penalty Method","Constraint 2","F2 Schwefel Function","true","filename.txt","30","1","10","12","0.5","13"
"1468","None","0.5","filename.txt","1","Best found","0.5","Penalty Method","Constraint 2","F2 Schwefel Function","true","filename.txt","30","1","10","11","0.5","12"
"1469","None","0.5","filename.txt","1","Best found","0.5","Penalty Method","Constraint 2","F2 Schwefel Function","true","filename.txt","30","1","10","14","0.5","15"
"1470","None","0.5","filename.txt","1","Best found","0.5","Penalty Method","Constraint 2","F2 Schwefel Function","true","filename.txt","30","1","10","15","0.5","16"
"1471","None","0.5","filename.txt","1","Best found","0.5","Penalty Method","Constraint 2","F2 Schwefel Function","true","filename.txt","30","1","10","13","0.5","14"
"1472","None","0.5","filename.txt","1","Best found","0.5","Penalty Method","Constraint 2","F2 Schwefel Function","true","filename.txt","30","1","10","13","0.5","14"
"1473","None","0.5","filename.txt","1","Best found","0.5","Penalty Method","Constraint 2","F2 Schwefel Function","true","filename.txt","30","1","10","13","0.5","14"
"1474","None","0.5","filename.txt","1","Best found","0.5","Penalty Method","Constraint 2","F2 Schwefel Function","true","filename.txt","30","1","10","11","0.5","12"
"1475","None","0.5","filename.txt","1","Best found","0.5","Penalty Method","Constraint 2","F2 Schwefel Function","true","filename.txt","30","1","10","12","0.5","13"
"1476","None","0.5","filename.txt","1","Best found","0.5","Penalty Method","Constraint 2","F2 Schwefel Function","true","filename.txt","30","1","10","11","0.5","12"
"1477","None","0.5","filename.txt","1","Best found","0.5","Penalty Method","Constraint 2","F2 Schwefel Function","true","filename.txt","30","1","10","11","0.5","12"
"1478","None","0.5","filename.txt","1","Best found","0.5","Penalty Method","Constraint 2","F2 Schwefel Function","true","filename.txt","30","1","10","12","0.5","13"
"1479","None","0.5","filename.txt","1","Best found","0.5","Penalty Method","Constraint 2","F2 Schwefel Function","true","filename.txt","30","1","10","4","0.5","5"
"1480","None","0.5","filename.txt","1","Best found","0.5","Penalty Method","Constraint 2","F2 Schwefel Function","true","filename.txt","30","1","10","15","0.5","16"
"1481","None","0.5","filename.txt","1","Best found","0.5","Penalty Method","Constraint 2","F2 Schwefel Function","true","filename.txt","30","1","10","7","0.5","8"
"1482","None","0.5","filename.txt","1","Best found","0.5","Penalty Method","Constraint 2","F2 Schwefel Function","true","filename.txt","30","1","10","14","0.5","15"
"1483","None","0.5","filename.txt","1","Best found","0.5","Penalty Method","Constraint 2","F2 Schwefel Function","true","filename.txt","30","1","10","8","0.5","9"
"1485","None","0.5","filename.txt","1","Best found","0.5","Penalty Method","Constraint 2","F2 Schwefel Function","true","filename.txt","30","1","10","7","0.5","8"
"1484","None","0.5","filename.txt","1","Best found","0.5","Penalty Method","Constraint 2","F2 Schwefel Function","true","filename.txt","30","1","10","15","0.5","16"
"1486","None","0.5","filename.txt","1","Best found","0.5","Penalty Method","Constraint 2","F2 Schwefel Function","true","filename.txt","30","1","10","9","0.5","10"
"1487","None","0.5","filename.txt","1","Best found","0.5","Penalty Method","Constraint 2","F2 Schwefel Function","true","filename.txt","30","1","10","6","0.5","7"
"1488","None","0.5","filename.txt","1","Best found","0.5","Penalty Method","Constraint 2","F2 Schwefel Function","true","filename.txt","30","1","10","9","0.5","10"
"1489","None","0.5","filename.txt","1","Best found","0.5","Penalty Method","Constraint 2","F2 Schwefel Function","true","filename.txt","30","1","10","14","0.5","15"
"1490","None","0.5","filename.txt","1","Best found","0.5","Penalty Method","Constraint 2","F2 Schwefel Function","true","filename.txt","30","1","10","9","0.5","10"
"1491","None","0.5","filename.txt","1","Best found","0.5","Penalty Method","Constraint 2","F2 Schwefel Function","true","filename.txt","30","1","10","17","0.5","18"
"1492","None","0.5","filename.txt","1","Best found","0.5","Penalty Method","Constraint 2","F2 Schwefel Function","true","filename.txt","30","1","10","12","0.5","13"
"1493","None","0.5","filename.txt","1","Best found","0.5","Penalty Method","Constraint 2","F2 Schwefel Function","true","filename.txt","30","1","10","7","0.5","8"
"1494","None","0.5","filename.txt","1","Best found","0.5","Penalty Method","Constraint 2","F2 Schwefel Function","true","filename.txt","30","1","10","8","0.5","9"
"1495","None","0.5","filename.txt","1","Best found","0.5","Penalty Method","Constraint 2","F2 Schwefel Function","true","filename.txt","30","1","10","16","0.5","17"
"1496","None","0.5","filename.txt","1","Best found","0.5","Penalty Method","Constraint 2","F2 Schwefel Function","true","filename.txt","30","1","10","5","0.5","6"
"1497","None","0.5","filename.txt","1","Best found","0.5","Penalty Method","Constraint 2","F2 Schwefel Function","true","filename.txt","30","1","10","15","0.5","16"
"1498","None","0.5","filename.txt","1","Best found","0.5","Penalty Method","Constraint 2","F2 Schwefel Function","true","filename.txt","30","1","10","11","0.5","12"
"1499","None","0.5","filename.txt","1","Best found","0.5","Penalty Method","Constraint 2","F2 Schwefel Function","true","filename.txt","30","1","10","8","0.5","9"
"1500","None","0.5","filename.txt","1","Best found","0.5","Penalty Method","Constraint 2","F2 Schwefel Function","true","filename.txt","30","1","10","6","0.5","7"
"1501","None","0.5","filename.txt","1","Best found","0.5","Penalty Method","Constraint 2","F2 Schwefel Function","true","filename.txt","32","1","10","7","0.5","8"
"1502","None","0.5","filename.txt","1","Best found","0.5","Penalty Method","Constraint 2","F2 Schwefel Function","true","filename.txt","32","1","10","9","0.5","10"
"1503","None","0.5","filename.txt","1","Best found","0.5","Penalty Method","Constraint 2","F2 Schwefel Function","true","filename.txt","32","1","10","8","0.5","9"
"1504","None","0.5","filename.txt","1","Best found","0.5","Penalty Method","Constraint 2","F2 Schwefel Function","true","filename.txt","32","1","10","11","0.5","12"
"1507","None","0.5","filename.txt","1","Best found","0.5","Penalty Method","Constraint 2","F2 Schwefel Function","true","filename.txt","32","1","10","12","0.5","13"
"1506","None","0.5","filename.txt","1","Best found","0.5","Penalty Method","Constraint 2","F2 Schwefel Function","true","filename.txt","32","1","10","14","0.5","15"
"1505","None","0.5","filename.txt","1","Best found","0.5","Penalty Method","Constraint 2","F2 Schwefel Function","true","filename.txt","32","1","10","11","0.5","12"
"1509","None","0.5","filename.txt","1","Best found","0.5","Penalty Method","Constraint 2","F2 Schwefel Function","true","filename.txt","32","1","10","12","0.5","13"
"1508","None","0.5","filename.txt","1","Best found","0.5","Penalty Method","Constraint 2","F2 Schwefel Function","true","filename.txt","32","1","10","10","0.5","11"
"1510","None","0.5","filename.txt","1","Best found","0.5","Penalty Method","Constraint 2","F2 Schwefel Function","true","filename.txt","32","1","10","5","0.5","6"
"1511","None","0.5","filename.txt","1","Best found","0.5","Penalty Method","Constraint 2","F2 Schwefel Function","true","filename.txt","32","1","10","14","0.5","15"
"1512","None","0.5","filename.txt","1","Best found","0.5","Penalty Method","Constraint 2","F2 Schwefel Function","true","filename.txt","32","1","10","12","0.5","13"
"1514","None","0.5","filename.txt","1","Best found","0.5","Penalty Method","Constraint 2","F2 Schwefel Function","true","filename.txt","32","1","10","4","0.5","5"
"1513","None","0.5","filename.txt","1","Best found","0.5","Penalty Method","Constraint 2","F2 Schwefel Function","true","filename.txt","32","1","10","14","0.5","15"
"1515","None","0.5","filename.txt","1","Best found","0.5","Penalty Method","Constraint 2","F2 Schwefel Function","true","filename.txt","32","1","10","20","0.5","21"
"1517","None","0.5","filename.txt","1","Best found","0.5","Penalty Method","Constraint 2","F2 Schwefel Function","true","filename.txt","32","1","10","9","0.5","10"
"1516","None","0.5","filename.txt","1","Best found","0.5","Penalty Method","Constraint 2","F2 Schwefel Function","true","filename.txt","32","1","10","8","0.5","9"
"1519","None","0.5","filename.txt","1","Best found","0.5","Penalty Method","Constraint 2","F2 Schwefel Function","true","filename.txt","32","1","10","11","0.5","12"
"1518","None","0.5","filename.txt","1","Best found","0.5","Penalty Method","Constraint 2","F2 Schwefel Function","true","filename.txt","32","1","10","10","0.5","11"
"1520","None","0.5","filename.txt","1","Best found","0.5","Penalty Method","Constraint 2","F2 Schwefel Function","true","filename.txt","32","1","10","12","0.5","13"
"1521","None","0.5","filename.txt","1","Best found","0.5","Penalty Method","Constraint 2","F2 Schwefel Function","true","filename.txt","32","1","10","8","0.5","9"
"1523","None","0.5","filename.txt","1","Best found","0.5","Penalty Method","Constraint 2","F2 Schwefel Function","true","filename.txt","32","1","10","7","0.5","8"
"1522","None","0.5","filename.txt","1","Best found","0.5","Penalty Method","Constraint 2","F2 Schwefel Function","true","filename.txt","32","1","10","6","0.5","7"
"1525","None","0.5","filename.txt","1","Best found","0.5","Penalty Method","Constraint 2","F2 Schwefel Function","true","filename.txt","32","1","10","10","0.5","11"
"1524","None","0.5","filename.txt","1","Best found","0.5","Penalty Method","Constraint 2","F2 Schwefel Function","true","filename.txt","32","1","10","11","0.5","12"
"1527","None","0.5","filename.txt","1","Best found","0.5","Penalty Method","Constraint 2","F2 Schwefel Function","true","filename.txt","32","1","10","10","0.5","11"
"1526","None","0.5","filename.txt","1","Best found","0.5","Penalty Method","Constraint 2","F2 Schwefel Function","true","filename.txt","32","1","10","600","0.49949604594188285","600"
"1528","None","0.5","filename.txt","1","Best found","0.5","Penalty Method","Constraint 2","F2 Schwefel Function","true","filename.txt","32","1","10","10","0.5","11"
"1529","None","0.5","filename.txt","1","Best found","0.5","Penalty Method","Constraint 2","F2 Schwefel Function","true","filename.txt","32","1","10","14","0.5","15"
"1531","None","0.5","filename.txt","1","Best found","0.5","Penalty Method","Constraint 2","F2 Schwefel Function","true","filename.txt","32","1","10","10","0.5","11"
"1530","None","0.5","filename.txt","1","Best found","0.5","Penalty Method","Constraint 2","F2 Schwefel Function","true","filename.txt","32","1","10","10","0.5","11"
"1532","None","0.5","filename.txt","1","Best found","0.5","Penalty Method","Constraint 2","F2 Schwefel Function","true","filename.txt","32","1","10","10","0.5","11"
"1533","None","0.5","filename.txt","1","Best found","0.5","Penalty Method","Constraint 2","F2 Schwefel Function","true","filename.txt","32","1","10","6","0.5","7"
"1535","None","0.5","filename.txt","1","Best found","0.5","Penalty Method","Constraint 2","F2 Schwefel Function","true","filename.txt","32","1","10","15","0.5","16"
"1534","None","0.5","filename.txt","1","Best found","0.5","Penalty Method","Constraint 2","F2 Schwefel Function","true","filename.txt","32","1","10","7","0.5","8"
"1536","None","0.5","filename.txt","1","Best found","0.5","Penalty Method","Constraint 2","F2 Schwefel Function","true","filename.txt","32","1","10","16","0.5","17"
"1537","None","0.5","filename.txt","1","Best found","0.5","Penalty Method","Constraint 2","F2 Schwefel Function","true","filename.txt","32","1","10","11","0.5","12"
"1538","None","0.5","filename.txt","1","Best found","0.5","Penalty Method","Constraint 2","F2 Schwefel Function","true","filename.txt","32","1","10","12","0.5","13"
"1539","None","0.5","filename.txt","1","Best found","0.5","Penalty Method","Constraint 2","F2 Schwefel Function","true","filename.txt","32","1","10","11","0.5","12"
"1540","None","0.5","filename.txt","1","Best found","0.5","Penalty Method","Constraint 2","F2 Schwefel Function","true","filename.txt","32","1","10","9","0.5","10"
"1541","None","0.5","filename.txt","1","Best found","0.5","Penalty Method","Constraint 2","F2 Schwefel Function","true","filename.txt","32","1","10","13","0.5","14"
"1542","None","0.5","filename.txt","1","Best found","0.5","Penalty Method","Constraint 2","F2 Schwefel Function","true","filename.txt","32","1","10","12","0.5","13"
"1543","None","0.5","filename.txt","1","Best found","0.5","Penalty Method","Constraint 2","F2 Schwefel Function","true","filename.txt","32","1","10","15","0.5","16"
"1544","None","0.5","filename.txt","1","Best found","0.5","Penalty Method","Constraint 2","F2 Schwefel Function","true","filename.txt","32","1","10","11","0.5","12"
"1545","None","0.5","filename.txt","1","Best found","0.5","Penalty Method","Constraint 2","F2 Schwefel Function","true","filename.txt","32","1","10","11","0.5","12"
"1546","None","0.5","filename.txt","1","Best found","0.5","Penalty Method","Constraint 2","F2 Schwefel Function","true","filename.txt","32","1","10","11","0.5","12"
"1547","None","0.5","filename.txt","1","Best found","0.5","Penalty Method","Constraint 2","F2 Schwefel Function","true","filename.txt","32","1","10","9","0.5","10"
"1549","None","0.5","filename.txt","1","Best found","0.5","Penalty Method","Constraint 2","F2 Schwefel Function","true","filename.txt","32","1","10","11","0.5","12"
"1548","None","0.5","filename.txt","1","Best found","0.5","Penalty Method","Constraint 2","F2 Schwefel Function","true","filename.txt","32","1","10","10","0.5","11"
"1550","None","0.5","filename.txt","1","Best found","0.5","Penalty Method","Constraint 2","F2 Schwefel Function","true","filename.txt","32","1","10","11","0.5","12"
"1551","None","0.5","filename.txt","1","Best found","0.5","Penalty Method","Constraint 2","F2 Schwefel Function","true","filename.txt","32","1","10","9","0.5","10"
"1552","None","0.5","filename.txt","1","Best found","0.5","Penalty Method","Constraint 2","F2 Schwefel Function","true","filename.txt","32","1","10","15","0.5","16"
"1553","None","0.5","filename.txt","1","Best found","0.5","Penalty Method","Constraint 2","F2 Schwefel Function","true","filename.txt","32","1","10","20","0.5","21"
"1554","None","0.5","filename.txt","1","Best found","0.5","Penalty Method","Constraint 2","F2 Schwefel Function","true","filename.txt","32","1","10","11","0.5","12"
"1555","None","0.5","filename.txt","1","Best found","0.5","Penalty Method","Constraint 2","F2 Schwefel Function","true","filename.txt","32","1","10","14","0.5","15"
"1556","None","0.5","filename.txt","1","Best found","0.5","Penalty Method","Constraint 2","F2 Schwefel Function","true","filename.txt","32","1","10","6","0.5","7"
"1557","None","0.5","filename.txt","1","Best found","0.5","Penalty Method","Constraint 2","F2 Schwefel Function","true","filename.txt","32","1","10","10","0.5","11"
"1558","None","0.5","filename.txt","1","Best found","0.5","Penalty Method","Constraint 2","F2 Schwefel Function","true","filename.txt","32","1","10","14","0.5","15"
"1559","None","0.5","filename.txt","1","Best found","0.5","Penalty Method","Constraint 2","F2 Schwefel Function","true","filename.txt","32","1","10","11","0.5","12"
"1560","None","0.5","filename.txt","1","Best found","0.5","Penalty Method","Constraint 2","F2 Schwefel Function","true","filename.txt","32","1","10","13","0.5","14"
"1562","None","0.5","filename.txt","1","Best found","0.5","Penalty Method","Constraint 2","F2 Schwefel Function","true","filename.txt","32","1","10","8","0.5","9"
"1561","None","0.5","filename.txt","1","Best found","0.5","Penalty Method","Constraint 2","F2 Schwefel Function","true","filename.txt","32","1","10","10","0.5","11"
"1563","None","0.5","filename.txt","1","Best found","0.5","Penalty Method","Constraint 2","F2 Schwefel Function","true","filename.txt","32","1","10","10","0.5","11"
"1564","None","0.5","filename.txt","1","Best found","0.5","Penalty Method","Constraint 2","F2 Schwefel Function","true","filename.txt","32","1","10","15","0.5","16"
"1565","None","0.5","filename.txt","1","Best found","0.5","Penalty Method","Constraint 2","F2 Schwefel Function","true","filename.txt","32","1","10","12","0.5","13"
"1566","None","0.5","filename.txt","1","Best found","0.5","Penalty Method","Constraint 2","F2 Schwefel Function","true","filename.txt","32","1","10","12","0.5","13"
"1567","None","0.5","filename.txt","1","Best found","0.5","Penalty Method","Constraint 2","F2 Schwefel Function","true","filename.txt","32","1","10","10","0.5","11"
"1568","None","0.5","filename.txt","1","Best found","0.5","Penalty Method","Constraint 2","F2 Schwefel Function","true","filename.txt","32","1","10","13","0.5","14"
"1569","None","0.5","filename.txt","1","Best found","0.5","Penalty Method","Constraint 2","F2 Schwefel Function","true","filename.txt","32","1","10","16","0.5","17"
"1570","None","0.5","filename.txt","1","Best found","0.5","Penalty Method","Constraint 2","F2 Schwefel Function","true","filename.txt","32","1","10","10","0.5","11"
"1571","None","0.5","filename.txt","1","Best found","0.5","Penalty Method","Constraint 2","F2 Schwefel Function","true","filename.txt","32","1","10","12","0.5","13"
"1572","None","0.5","filename.txt","1","Best found","0.5","Penalty Method","Constraint 2","F2 Schwefel Function","true","filename.txt","32","1","10","10","0.5","11"
"1573","None","0.5","filename.txt","1","Best found","0.5","Penalty Method","Constraint 2","F2 Schwefel Function","true","filename.txt","32","1","10","13","0.5","14"
"1574","None","0.5","filename.txt","1","Best found","0.5","Penalty Method","Constraint 2","F2 Schwefel Function","true","filename.txt","32","1","10","10","0.5","11"
"1575","None","0.5","filename.txt","1","Best found","0.5","Penalty Method","Constraint 2","F2 Schwefel Function","true","filename.txt","32","1","10","14","0.5","15"
"1576","None","0.5","filename.txt","1","Best found","0.5","Penalty Method","Constraint 2","F2 Schwefel Function","true","filename.txt","32","1","10","11","0.5","12"
"1578","None","0.5","filename.txt","1","Best found","0.5","Penalty Method","Constraint 2","F2 Schwefel Function","true","filename.txt","32","1","10","10","0.5","11"
"1577","None","0.5","filename.txt","1","Best found","0.5","Penalty Method","Constraint 2","F2 Schwefel Function","true","filename.txt","32","1","10","12","0.5","13"
"1579","None","0.5","filename.txt","1","Best found","0.5","Penalty Method","Constraint 2","F2 Schwefel Function","true","filename.txt","32","1","10","15","0.5","16"
"1580","None","0.5","filename.txt","1","Best found","0.5","Penalty Method","Constraint 2","F2 Schwefel Function","true","filename.txt","32","1","10","11","0.5","12"
"1581","None","0.5","filename.txt","1","Best found","0.5","Penalty Method","Constraint 2","F2 Schwefel Function","true","filename.txt","32","1","10","15","0.5","16"
"1582","None","0.5","filename.txt","1","Best found","0.5","Penalty Method","Constraint 2","F2 Schwefel Function","true","filename.txt","32","1","10","8","0.5","9"
"1583","None","0.5","filename.txt","1","Best found","0.5","Penalty Method","Constraint 2","F2 Schwefel Function","true","filename.txt","32","1","10","15","0.5","16"
"1584","None","0.5","filename.txt","1","Best found","0.5","Penalty Method","Constraint 2","F2 Schwefel Function","true","filename.txt","32","1","10","13","0.5","14"
"1586","None","0.5","filename.txt","1","Best found","0.5","Penalty Method","Constraint 2","F2 Schwefel Function","true","filename.txt","32","1","10","8","0.5","9"
"1587","None","0.5","filename.txt","1","Best found","0.5","Penalty Method","Constraint 2","F2 Schwefel Function","true","filename.txt","32","1","10","13","0.5","14"
"1585","None","0.5","filename.txt","1","Best found","0.5","Penalty Method","Constraint 2","F2 Schwefel Function","true","filename.txt","32","1","10","600","0.49949604594188285","600"
"1588","None","0.5","filename.txt","1","Best found","0.5","Penalty Method","Constraint 2","F2 Schwefel Function","true","filename.txt","32","1","10","17","0.5","18"
"1589","None","0.5","filename.txt","1","Best found","0.5","Penalty Method","Constraint 2","F2 Schwefel Function","true","filename.txt","32","1","10","16","0.5","17"
"1590","None","0.5","filename.txt","1","Best found","0.5","Penalty Method","Constraint 2","F2 Schwefel Function","true","filename.txt","32","1","10","11","0.5","12"
"1591","None","0.5","filename.txt","1","Best found","0.5","Penalty Method","Constraint 2","F2 Schwefel Function","true","filename.txt","32","1","10","8","0.5","9"
"1592","None","0.5","filename.txt","1","Best found","0.5","Penalty Method","Constraint 2","F2 Schwefel Function","true","filename.txt","32","1","10","8","0.5","9"
"1594","None","0.5","filename.txt","1","Best found","0.5","Penalty Method","Constraint 2","F2 Schwefel Function","true","filename.txt","32","1","10","6","0.5","7"
"1595","None","0.5","filename.txt","1","Best found","0.5","Penalty Method","Constraint 2","F2 Schwefel Function","true","filename.txt","32","1","10","7","0.5","8"
"1593","None","0.5","filename.txt","1","Best found","0.5","Penalty Method","Constraint 2","F2 Schwefel Function","true","filename.txt","32","1","10","600","0.49949604594188285","600"
"1597","None","0.5","filename.txt","1","Best found","0.5","Penalty Method","Constraint 2","F2 Schwefel Function","true","filename.txt","32","1","10","10","0.5","11"
"1596","None","0.5","filename.txt","1","Best found","0.5","Penalty Method","Constraint 2","F2 Schwefel Function","true","filename.txt","32","1","10","13","0.5","14"
"1598","None","0.5","filename.txt","1","Best found","0.5","Penalty Method","Constraint 2","F2 Schwefel Function","true","filename.txt","32","1","10","600","0.49949604594188285","600"
"1599","None","0.5","filename.txt","1","Best found","0.5","Penalty Method","Constraint 2","F2 Schwefel Function","true","filename.txt","32","1","10","6","0.5","7"
"1600","None","0.5","filename.txt","1","Best found","0.5","Penalty Method","Constraint 2","F2 Schwefel Function","true","filename.txt","32","1","10","8","0.5","9"
"1601","None","0.5","filename.txt","1","Best found","0.5","Penalty Method","Constraint 2","F2 Schwefel Function","true","filename.txt","34","1","10","10","0.5","11"
"1602","None","0.5","filename.txt","1","Best found","0.5","Penalty Method","Constraint 2","F2 Schwefel Function","true","filename.txt","34","1","10","11","0.5","12"
"1603","None","0.5","filename.txt","1","Best found","0.5","Penalty Method","Constraint 2","F2 Schwefel Function","true","filename.txt","34","1","10","13","0.5","14"
"1604","None","0.5","filename.txt","1","Best found","0.5","Penalty Method","Constraint 2","F2 Schwefel Function","true","filename.txt","34","1","10","13","0.5","14"
"1605","None","0.5","filename.txt","1","Best found","0.5","Penalty Method","Constraint 2","F2 Schwefel Function","true","filename.txt","34","1","10","10","0.5","11"
"1606","None","0.5","filename.txt","1","Best found","0.5","Penalty Method","Constraint 2","F2 Schwefel Function","true","filename.txt","34","1","10","11","0.5","12"
"1608","None","0.5","filename.txt","1","Best found","0.5","Penalty Method","Constraint 2","F2 Schwefel Function","true","filename.txt","34","1","10","12","0.5","13"
"1607","None","0.5","filename.txt","1","Best found","0.5","Penalty Method","Constraint 2","F2 Schwefel Function","true","filename.txt","34","1","10","14","0.5","15"
"1610","None","0.5","filename.txt","1","Best found","0.5","Penalty Method","Constraint 2","F2 Schwefel Function","true","filename.txt","34","1","10","7","0.5","8"
"1611","None","0.5","filename.txt","1","Best found","0.5","Penalty Method","Constraint 2","F2 Schwefel Function","true","filename.txt","34","1","10","8","0.5","9"
"1609","None","0.5","filename.txt","1","Best found","0.5","Penalty Method","Constraint 2","F2 Schwefel Function","true","filename.txt","34","1","10","600","0.49949604594188285","600"
"1612","None","0.5","filename.txt","1","Best found","0.5","Penalty Method","Constraint 2","F2 Schwefel Function","true","filename.txt","34","1","10","11","0.5","12"
"1613","None","0.5","filename.txt","1","Best found","0.5","Penalty Method","Constraint 2","F2 Schwefel Function","true","filename.txt","34","1","10","600","0.49949604594188285","600"
"1614","None","0.5","filename.txt","1","Best found","0.5","Penalty Method","Constraint 2","F2 Schwefel Function","true","filename.txt","34","1","10","12","0.5","13"
"1615","None","0.5","filename.txt","1","Best found","0.5","Penalty Method","Constraint 2","F2 Schwefel Function","true","filename.txt","34","1","10","9","0.5","10"
"1616","None","0.5","filename.txt","1","Best found","0.5","Penalty Method","Constraint 2","F2 Schwefel Function","true","filename.txt","34","1","10","9","0.5","10"
"1617","None","0.5","filename.txt","1","Best found","0.5","Penalty Method","Constraint 2","F2 Schwefel Function","true","filename.txt","34","1","10","8","0.5","9"
"1618","None","0.5","filename.txt","1","Best found","0.5","Penalty Method","Constraint 2","F2 Schwefel Function","true","filename.txt","34","1","10","12","0.5","13"
"1619","None","0.5","filename.txt","1","Best found","0.5","Penalty Method","Constraint 2","F2 Schwefel Function","true","filename.txt","34","1","10","15","0.5","16"
"1620","None","0.5","filename.txt","1","Best found","0.5","Penalty Method","Constraint 2","F2 Schwefel Function","true","filename.txt","34","1","10","12","0.5","13"
"1621","None","0.5","filename.txt","1","Best found","0.5","Penalty Method","Constraint 2","F2 Schwefel Function","true","filename.txt","34","1","10","12","0.5","13"
"1622","None","0.5","filename.txt","1","Best found","0.5","Penalty Method","Constraint 2","F2 Schwefel Function","true","filename.txt","34","1","10","4","0.5","5"
"1623","None","0.5","filename.txt","1","Best found","0.5","Penalty Method","Constraint 2","F2 Schwefel Function","true","filename.txt","34","1","10","10","0.5","11"
"1624","None","0.5","filename.txt","1","Best found","0.5","Penalty Method","Constraint 2","F2 Schwefel Function","true","filename.txt","34","1","10","9","0.5","10"
"1625","None","0.5","filename.txt","1","Best found","0.5","Penalty Method","Constraint 2","F2 Schwefel Function","true","filename.txt","34","1","10","10","0.5","11"
"1626","None","0.5","filename.txt","1","Best found","0.5","Penalty Method","Constraint 2","F2 Schwefel Function","true","filename.txt","34","1","10","9","0.5","10"
"1627","None","0.5","filename.txt","1","Best found","0.5","Penalty Method","Constraint 2","F2 Schwefel Function","true","filename.txt","34","1","10","7","0.5","8"
"1628","None","0.5","filename.txt","1","Best found","0.5","Penalty Method","Constraint 2","F2 Schwefel Function","true","filename.txt","34","1","10","9","0.5","10"
"1629","None","0.5","filename.txt","1","Best found","0.5","Penalty Method","Constraint 2","F2 Schwefel Function","true","filename.txt","34","1","10","7","0.5","8"
"1630","None","0.5","filename.txt","1","Best found","0.5","Penalty Method","Constraint 2","F2 Schwefel Function","true","filename.txt","34","1","10","11","0.5","12"
"1631","None","0.5","filename.txt","1","Best found","0.5","Penalty Method","Constraint 2","F2 Schwefel Function","true","filename.txt","34","1","10","9","0.5","10"
"1632","None","0.5","filename.txt","1","Best found","0.5","Penalty Method","Constraint 2","F2 Schwefel Function","true","filename.txt","34","1","10","9","0.5","10"
"1633","None","0.5","filename.txt","1","Best found","0.5","Penalty Method","Constraint 2","F2 Schwefel Function","true","filename.txt","34","1","10","11","0.5","12"
"1634","None","0.5","filename.txt","1","Best found","0.5","Penalty Method","Constraint 2","F2 Schwefel Function","true","filename.txt","34","1","10","5","0.5","6"
"1635","None","0.5","filename.txt","1","Best found","0.5","Penalty Method","Constraint 2","F2 Schwefel Function","true","filename.txt","34","1","10","13","0.5","14"
"1636","None","0.5","filename.txt","1","Best found","0.5","Penalty Method","Constraint 2","F2 Schwefel Function","true","filename.txt","34","1","10","27","0.5","28"
"1637","None","0.5","filename.txt","1","Best found","0.5","Penalty Method","Constraint 2","F2 Schwefel Function","true","filename.txt","34","1","10","10","0.5","11"
"1638","None","0.5","filename.txt","1","Best found","0.5","Penalty Method","Constraint 2","F2 Schwefel Function","true","filename.txt","34","1","10","11","0.5","12"
"1639","None","0.5","filename.txt","1","Best found","0.5","Penalty Method","Constraint 2","F2 Schwefel Function","true","filename.txt","34","1","10","11","0.5","12"
"1640","None","0.5","filename.txt","1","Best found","0.5","Penalty Method","Constraint 2","F2 Schwefel Function","true","filename.txt","34","1","10","9","0.5","10"
"1642","None","0.5","filename.txt","1","Best found","0.5","Penalty Method","Constraint 2","F2 Schwefel Function","true","filename.txt","34","1","10","11","0.5","12"
"1641","None","0.5","filename.txt","1","Best found","0.5","Penalty Method","Constraint 2","F2 Schwefel Function","true","filename.txt","34","1","10","14","0.5","15"
"1643","None","0.5","filename.txt","1","Best found","0.5","Penalty Method","Constraint 2","F2 Schwefel Function","true","filename.txt","34","1","10","10","0.5","11"
"1644","None","0.5","filename.txt","1","Best found","0.5","Penalty Method","Constraint 2","F2 Schwefel Function","true","filename.txt","34","1","10","11","0.5","12"
"1645","None","0.5","filename.txt","1","Best found","0.5","Penalty Method","Constraint 2","F2 Schwefel Function","true","filename.txt","34","1","10","10","0.5","11"
"1646","None","0.5","filename.txt","1","Best found","0.5","Penalty Method","Constraint 2","F2 Schwefel Function","true","filename.txt","34","1","10","13","0.5","14"
"1647","None","0.5","filename.txt","1","Best found","0.5","Penalty Method","Constraint 2","F2 Schwefel Function","true","filename.txt","34","1","10","12","0.5","13"
"1648","None","0.5","filename.txt","1","Best found","0.5","Penalty Method","Constraint 2","F2 Schwefel Function","true","filename.txt","34","1","10","9","0.5","10"
"1649","None","0.5","filename.txt","1","Best found","0.5","Penalty Method","Constraint 2","F2 Schwefel Function","true","filename.txt","34","1","10","9","0.5","10"
"1650","None","0.5","filename.txt","1","Best found","0.5","Penalty Method","Constraint 2","F2 Schwefel Function","true","filename.txt","34","1","10","12","0.5","13"
"1651","None","0.5","filename.txt","1","Best found","0.5","Penalty Method","Constraint 2","F2 Schwefel Function","true","filename.txt","34","1","10","11","0.5","12"
"1652","None","0.5","filename.txt","1","Best found","0.5","Penalty Method","Constraint 2","F2 Schwefel Function","true","filename.txt","34","1","10","8","0.5","9"
"1653","None","0.5","filename.txt","1","Best found","0.5","Penalty Method","Constraint 2","F2 Schwefel Function","true","filename.txt","34","1","10","9","0.5","10"
"1654","None","0.5","filename.txt","1","Best found","0.5","Penalty Method","Constraint 2","F2 Schwefel Function","true","filename.txt","34","1","10","7","0.5","8"
"1655","None","0.5","filename.txt","1","Best found","0.5","Penalty Method","Constraint 2","F2 Schwefel Function","true","filename.txt","34","1","10","5","0.5","6"
"1656","None","0.5","filename.txt","1","Best found","0.5","Penalty Method","Constraint 2","F2 Schwefel Function","true","filename.txt","34","1","10","7","0.5","8"
"1657","None","0.5","filename.txt","1","Best found","0.5","Penalty Method","Constraint 2","F2 Schwefel Function","true","filename.txt","34","1","10","5","0.5","6"
"1658","None","0.5","filename.txt","1","Best found","0.5","Penalty Method","Constraint 2","F2 Schwefel Function","true","filename.txt","34","1","10","17","0.5","18"
"1659","None","0.5","filename.txt","1","Best found","0.5","Penalty Method","Constraint 2","F2 Schwefel Function","true","filename.txt","34","1","10","9","0.5","10"
"1660","None","0.5","filename.txt","1","Best found","0.5","Penalty Method","Constraint 2","F2 Schwefel Function","true","filename.txt","34","1","10","13","0.5","14"
"1661","None","0.5","filename.txt","1","Best found","0.5","Penalty Method","Constraint 2","F2 Schwefel Function","true","filename.txt","34","1","10","6","0.5","7"
"1662","None","0.5","filename.txt","1","Best found","0.5","Penalty Method","Constraint 2","F2 Schwefel Function","true","filename.txt","34","1","10","8","0.5","9"
"1663","None","0.5","filename.txt","1","Best found","0.5","Penalty Method","Constraint 2","F2 Schwefel Function","true","filename.txt","34","1","10","8","0.5","9"
"1664","None","0.5","filename.txt","1","Best found","0.5","Penalty Method","Constraint 2","F2 Schwefel Function","true","filename.txt","34","1","10","4","0.5","5"
"1666","None","0.5","filename.txt","1","Best found","0.5","Penalty Method","Constraint 2","F2 Schwefel Function","true","filename.txt","34","1","10","6","0.5","7"
"1665","None","0.5","filename.txt","1","Best found","0.5","Penalty Method","Constraint 2","F2 Schwefel Function","true","filename.txt","34","1","10","15","0.5","16"
"1667","None","0.5","filename.txt","1","Best found","0.5","Penalty Method","Constraint 2","F2 Schwefel Function","true","filename.txt","34","1","10","9","0.5","10"
"1668","None","0.5","filename.txt","1","Best found","0.5","Penalty Method","Constraint 2","F2 Schwefel Function","true","filename.txt","34","1","10","12","0.5","13"
"1669","None","0.5","filename.txt","1","Best found","0.5","Penalty Method","Constraint 2","F2 Schwefel Function","true","filename.txt","34","1","10","13","0.5","14"
"1670","None","0.5","filename.txt","1","Best found","0.5","Penalty Method","Constraint 2","F2 Schwefel Function","true","filename.txt","34","1","10","8","0.5","9"
"1671","None","0.5","filename.txt","1","Best found","0.5","Penalty Method","Constraint 2","F2 Schwefel Function","true","filename.txt","34","1","10","11","0.5","12"
"1672","None","0.5","filename.txt","1","Best found","0.5","Penalty Method","Constraint 2","F2 Schwefel Function","true","filename.txt","34","1","10","9","0.5","10"
"1673","None","0.5","filename.txt","1","Best found","0.5","Penalty Method","Constraint 2","F2 Schwefel Function","true","filename.txt","34","1","10","10","0.5","11"
"1674","None","0.5","filename.txt","1","Best found","0.5","Penalty Method","Constraint 2","F2 Schwefel Function","true","filename.txt","34","1","10","14","0.5","15"
"1675","None","0.5","filename.txt","1","Best found","0.5","Penalty Method","Constraint 2","F2 Schwefel Function","true","filename.txt","34","1","10","11","0.5","12"
"1676","None","0.5","filename.txt","1","Best found","0.5","Penalty Method","Constraint 2","F2 Schwefel Function","true","filename.txt","34","1","10","4","0.5","5"
"1677","None","0.5","filename.txt","1","Best found","0.5","Penalty Method","Constraint 2","F2 Schwefel Function","true","filename.txt","34","1","10","13","0.5","14"
"1678","None","0.5","filename.txt","1","Best found","0.5","Penalty Method","Constraint 2","F2 Schwefel Function","true","filename.txt","34","1","10","12","0.5","13"
"1680","None","0.5","filename.txt","1","Best found","0.5","Penalty Method","Constraint 2","F2 Schwefel Function","true","filename.txt","34","1","10","11","0.5","12"
"1679","None","0.5","filename.txt","1","Best found","0.5","Penalty Method","Constraint 2","F2 Schwefel Function","true","filename.txt","34","1","10","600","0.49949604594188285","600"
"1681","None","0.5","filename.txt","1","Best found","0.5","Penalty Method","Constraint 2","F2 Schwefel Function","true","filename.txt","34","1","10","8","0.5","9"
"1682","None","0.5","filename.txt","1","Best found","0.5","Penalty Method","Constraint 2","F2 Schwefel Function","true","filename.txt","34","1","10","13","0.5","14"
"1683","None","0.5","filename.txt","1","Best found","0.5","Penalty Method","Constraint 2","F2 Schwefel Function","true","filename.txt","34","1","10","9","0.5","10"
"1684","None","0.5","filename.txt","1","Best found","0.5","Penalty Method","Constraint 2","F2 Schwefel Function","true","filename.txt","34","1","10","12","0.5","13"
"1685","None","0.5","filename.txt","1","Best found","0.5","Penalty Method","Constraint 2","F2 Schwefel Function","true","filename.txt","34","1","10","6","0.5","7"
"1686","None","0.5","filename.txt","1","Best found","0.5","Penalty Method","Constraint 2","F2 Schwefel Function","true","filename.txt","34","1","10","9","0.5","10"
"1687","None","0.5","filename.txt","1","Best found","0.5","Penalty Method","Constraint 2","F2 Schwefel Function","true","filename.txt","34","1","10","12","0.5","13"
"1688","None","0.5","filename.txt","1","Best found","0.5","Penalty Method","Constraint 2","F2 Schwefel Function","true","filename.txt","34","1","10","12","0.5","13"
"1690","None","0.5","filename.txt","1","Best found","0.5","Penalty Method","Constraint 2","F2 Schwefel Function","true","filename.txt","34","1","10","5","0.5","6"
"1689","None","0.5","filename.txt","1","Best found","0.5","Penalty Method","Constraint 2","F2 Schwefel Function","true","filename.txt","34","1","10","11","0.5","12"
"1691","None","0.5","filename.txt","1","Best found","0.5","Penalty Method","Constraint 2","F2 Schwefel Function","true","filename.txt","34","1","10","7","0.5","8"
"1692","None","0.5","filename.txt","1","Best found","0.5","Penalty Method","Constraint 2","F2 Schwefel Function","true","filename.txt","34","1","10","10","0.5","11"
"1693","None","0.5","filename.txt","1","Best found","0.5","Penalty Method","Constraint 2","F2 Schwefel Function","true","filename.txt","34","1","10","13","0.5","14"
"1694","None","0.5","filename.txt","1","Best found","0.5","Penalty Method","Constraint 2","F2 Schwefel Function","true","filename.txt","34","1","10","11","0.5","12"
"1695","None","0.5","filename.txt","1","Best found","0.5","Penalty Method","Constraint 2","F2 Schwefel Function","true","filename.txt","34","1","10","7","0.5","8"
"1696","None","0.5","filename.txt","1","Best found","0.5","Penalty Method","Constraint 2","F2 Schwefel Function","true","filename.txt","34","1","10","12","0.5","13"
"1698","None","0.5","filename.txt","1","Best found","0.5","Penalty Method","Constraint 2","F2 Schwefel Function","true","filename.txt","34","1","10","9","0.5","10"
"1697","None","0.5","filename.txt","1","Best found","0.5","Penalty Method","Constraint 2","F2 Schwefel Function","true","filename.txt","34","1","10","12","0.5","13"
"1699","None","0.5","filename.txt","1","Best found","0.5","Penalty Method","Constraint 2","F2 Schwefel Function","true","filename.txt","34","1","10","9","0.5","10"
"1700","None","0.5","filename.txt","1","Best found","0.5","Penalty Method","Constraint 2","F2 Schwefel Function","true","filename.txt","34","1","10","10","0.5","11"
"1701","None","0.5","filename.txt","1","Best found","0.5","Penalty Method","Constraint 2","F2 Schwefel Function","true","filename.txt","36","1","10","10","0.5","11"
"1702","None","0.5","filename.txt","1","Best found","0.5","Penalty Method","Constraint 2","F2 Schwefel Function","true","filename.txt","36","1","10","8","0.5","9"
"1703","None","0.5","filename.txt","1","Best found","0.5","Penalty Method","Constraint 2","F2 Schwefel Function","true","filename.txt","36","1","10","13","0.5","14"
"1704","None","0.5","filename.txt","1","Best found","0.5","Penalty Method","Constraint 2","F2 Schwefel Function","true","filename.txt","36","1","10","11","0.5","12"
"1705","None","0.5","filename.txt","1","Best found","0.5","Penalty Method","Constraint 2","F2 Schwefel Function","true","filename.txt","36","1","10","9","0.5","10"
"1706","None","0.5","filename.txt","1","Best found","0.5","Penalty Method","Constraint 2","F2 Schwefel Function","true","filename.txt","36","1","10","6","0.5","7"
"1707","None","0.5","filename.txt","1","Best found","0.5","Penalty Method","Constraint 2","F2 Schwefel Function","true","filename.txt","36","1","10","10","0.5","11"
"1708","None","0.5","filename.txt","1","Best found","0.5","Penalty Method","Constraint 2","F2 Schwefel Function","true","filename.txt","36","1","10","9","0.5","10"
"1709","None","0.5","filename.txt","1","Best found","0.5","Penalty Method","Constraint 2","F2 Schwefel Function","true","filename.txt","36","1","10","6","0.5","7"
"1710","None","0.5","filename.txt","1","Best found","0.5","Penalty Method","Constraint 2","F2 Schwefel Function","true","filename.txt","36","1","10","10","0.5","11"
"1712","None","0.5","filename.txt","1","Best found","0.5","Penalty Method","Constraint 2","F2 Schwefel Function","true","filename.txt","36","1","10","10","0.5","11"
"1711","None","0.5","filename.txt","1","Best found","0.5","Penalty Method","Constraint 2","F2 Schwefel Function","true","filename.txt","36","1","10","10","0.5","11"
"1713","None","0.5","filename.txt","1","Best found","0.5","Penalty Method","Constraint 2","F2 Schwefel Function","true","filename.txt","36","1","10","5","0.5","6"
"1714","None","0.5","filename.txt","1","Best found","0.5","Penalty Method","Constraint 2","F2 Schwefel Function","true","filename.txt","36","1","10","10","0.5","11"
"1715","None","0.5","filename.txt","1","Best found","0.5","Penalty Method","Constraint 2","F2 Schwefel Function","true","filename.txt","36","1","10","9","0.5","10"
"1716","None","0.5","filename.txt","1","Best found","0.5","Penalty Method","Constraint 2","F2 Schwefel Function","true","filename.txt","36","1","10","13","0.5","14"
"1717","None","0.5","filename.txt","1","Best found","0.5","Penalty Method","Constraint 2","F2 Schwefel Function","true","filename.txt","36","1","10","12","0.5","13"
"1718","None","0.5","filename.txt","1","Best found","0.5","Penalty Method","Constraint 2","F2 Schwefel Function","true","filename.txt","36","1","10","2","0.5","3"
"1719","None","0.5","filename.txt","1","Best found","0.5","Penalty Method","Constraint 2","F2 Schwefel Function","true","filename.txt","36","1","10","13","0.5","14"
"1720","None","0.5","filename.txt","1","Best found","0.5","Penalty Method","Constraint 2","F2 Schwefel Function","true","filename.txt","36","1","10","6","0.5","7"
"1721","None","0.5","filename.txt","1","Best found","0.5","Penalty Method","Constraint 2","F2 Schwefel Function","true","filename.txt","36","1","10","5","0.5","6"
"1722","None","0.5","filename.txt","1","Best found","0.5","Penalty Method","Constraint 2","F2 Schwefel Function","true","filename.txt","36","1","10","11","0.5","12"
"1723","None","0.5","filename.txt","1","Best found","0.5","Penalty Method","Constraint 2","F2 Schwefel Function","true","filename.txt","36","1","10","10","0.5","11"
"1724","None","0.5","filename.txt","1","Best found","0.5","Penalty Method","Constraint 2","F2 Schwefel Function","true","filename.txt","36","1","10","10","0.5","11"
"1725","None","0.5","filename.txt","1","Best found","0.5","Penalty Method","Constraint 2","F2 Schwefel Function","true","filename.txt","36","1","10","7","0.5","8"
"1726","None","0.5","filename.txt","1","Best found","0.5","Penalty Method","Constraint 2","F2 Schwefel Function","true","filename.txt","36","1","10","9","0.5","10"
"1727","None","0.5","filename.txt","1","Best found","0.5","Penalty Method","Constraint 2","F2 Schwefel Function","true","filename.txt","36","1","10","9","0.5","10"
"1728","None","0.5","filename.txt","1","Best found","0.5","Penalty Method","Constraint 2","F2 Schwefel Function","true","filename.txt","36","1","10","13","0.5","14"
"1730","None","0.5","filename.txt","1","Best found","0.5","Penalty Method","Constraint 2","F2 Schwefel Function","true","filename.txt","36","1","10","6","0.5","7"
"1729","None","0.5","filename.txt","1","Best found","0.5","Penalty Method","Constraint 2","F2 Schwefel Function","true","filename.txt","36","1","10","10","0.5","11"
"1731","None","0.5","filename.txt","1","Best found","0.5","Penalty Method","Constraint 2","F2 Schwefel Function","true","filename.txt","36","1","10","12","0.5","13"
"1732","None","0.5","filename.txt","1","Best found","0.5","Penalty Method","Constraint 2","F2 Schwefel Function","true","filename.txt","36","1","10","6","0.5","7"
"1733","None","0.5","filename.txt","1","Best found","0.5","Penalty Method","Constraint 2","F2 Schwefel Function","true","filename.txt","36","1","10","11","0.5","12"
"1734","None","0.5","filename.txt","1","Best found","0.5","Penalty Method","Constraint 2","F2 Schwefel Function","true","filename.txt","36","1","10","11","0.5","12"
"1735","None","0.5","filename.txt","1","Best found","0.5","Penalty Method","Constraint 2","F2 Schwefel Function","true","filename.txt","36","1","10","12","0.5","13"
"1736","None","0.5","filename.txt","1","Best found","0.5","Penalty Method","Constraint 2","F2 Schwefel Function","true","filename.txt","36","1","10","7","0.5","8"
"1737","None","0.5","filename.txt","1","Best found","0.5","Penalty Method","Constraint 2","F2 Schwefel Function","true","filename.txt","36","1","10","10","0.5","11"
"1738","None","0.5","filename.txt","1","Best found","0.5","Penalty Method","Constraint 2","F2 Schwefel Function","true","filename.txt","36","1","10","9","0.5","10"
"1739","None","0.5","filename.txt","1","Best found","0.5","Penalty Method","Constraint 2","F2 Schwefel Function","true","filename.txt","36","1","10","8","0.5","9"
"1740","None","0.5","filename.txt","1","Best found","0.5","Penalty Method","Constraint 2","F2 Schwefel Function","true","filename.txt","36","1","10","10","0.5","11"
"1741","None","0.5","filename.txt","1","Best found","0.5","Penalty Method","Constraint 2","F2 Schwefel Function","true","filename.txt","36","1","10","11","0.5","12"
"1742","None","0.5","filename.txt","1","Best found","0.5","Penalty Method","Constraint 2","F2 Schwefel Function","true","filename.txt","36","1","10","12","0.5","13"
"1743","None","0.5","filename.txt","1","Best found","0.5","Penalty Method","Constraint 2","F2 Schwefel Function","true","filename.txt","36","1","10","16","0.5","17"
"1744","None","0.5","filename.txt","1","Best found","0.5","Penalty Method","Constraint 2","F2 Schwefel Function","true","filename.txt","36","1","10","5","0.5","6"
"1745","None","0.5","filename.txt","1","Best found","0.5","Penalty Method","Constraint 2","F2 Schwefel Function","true","filename.txt","36","1","10","15","0.5","16"
"1746","None","0.5","filename.txt","1","Best found","0.5","Penalty Method","Constraint 2","F2 Schwefel Function","true","filename.txt","36","1","10","600","0.49949604594188285","600"
"1747","None","0.5","filename.txt","1","Best found","0.5","Penalty Method","Constraint 2","F2 Schwefel Function","true","filename.txt","36","1","10","10","0.5","11"
"1748","None","0.5","filename.txt","1","Best found","0.5","Penalty Method","Constraint 2","F2 Schwefel Function","true","filename.txt","36","1","10","5","0.5","6"
"1750","None","0.5","filename.txt","1","Best found","0.5","Penalty Method","Constraint 2","F2 Schwefel Function","true","filename.txt","36","1","10","7","0.5","8"
"1749","None","0.5","filename.txt","1","Best found","0.5","Penalty Method","Constraint 2","F2 Schwefel Function","true","filename.txt","36","1","10","12","0.5","13"
"1751","None","0.5","filename.txt","1","Best found","0.5","Penalty Method","Constraint 2","F2 Schwefel Function","true","filename.txt","36","1","10","10","0.5","11"
"1752","None","0.5","filename.txt","1","Best found","0.5","Penalty Method","Constraint 2","F2 Schwefel Function","true","filename.txt","36","1","10","11","0.5","12"
"1753","None","0.5","filename.txt","1","Best found","0.5","Penalty Method","Constraint 2","F2 Schwefel Function","true","filename.txt","36","1","10","3","0.5","4"
"1754","None","0.5","filename.txt","1","Best found","0.5","Penalty Method","Constraint 2","F2 Schwefel Function","true","filename.txt","36","1","10","13","0.5","14"
"1755","None","0.5","filename.txt","1","Best found","0.5","Penalty Method","Constraint 2","F2 Schwefel Function","true","filename.txt","36","1","10","8","0.5","9"
"1756","None","0.5","filename.txt","1","Best found","0.5","Penalty Method","Constraint 2","F2 Schwefel Function","true","filename.txt","36","1","10","13","0.5","14"
"1757","None","0.5","filename.txt","1","Best found","0.5","Penalty Method","Constraint 2","F2 Schwefel Function","true","filename.txt","36","1","10","12","0.5","13"
"1758","None","0.5","filename.txt","1","Best found","0.5","Penalty Method","Constraint 2","F2 Schwefel Function","true","filename.txt","36","1","10","15","0.5","16"
"1759","None","0.5","filename.txt","1","Best found","0.5","Penalty Method","Constraint 2","F2 Schwefel Function","true","filename.txt","36","1","10","10","0.5","11"
"1760","None","0.5","filename.txt","1","Best found","0.5","Penalty Method","Constraint 2","F2 Schwefel Function","true","filename.txt","36","1","10","3","0.5","4"
"1761","None","0.5","filename.txt","1","Best found","0.5","Penalty Method","Constraint 2","F2 Schwefel Function","true","filename.txt","36","1","10","7","0.5","8"
"1762","None","0.5","filename.txt","1","Best found","0.5","Penalty Method","Constraint 2","F2 Schwefel Function","true","filename.txt","36","1","10","9","0.5","10"
"1763","None","0.5","filename.txt","1","Best found","0.5","Penalty Method","Constraint 2","F2 Schwefel Function","true","filename.txt","36","1","10","16","0.5","17"
"1764","None","0.5","filename.txt","1","Best found","0.5","Penalty Method","Constraint 2","F2 Schwefel Function","true","filename.txt","36","1","10","11","0.5","12"
"1765","None","0.5","filename.txt","1","Best found","0.5","Penalty Method","Constraint 2","F2 Schwefel Function","true","filename.txt","36","1","10","15","0.5","16"
"1766","None","0.5","filename.txt","1","Best found","0.5","Penalty Method","Constraint 2","F2 Schwefel Function","true","filename.txt","36","1","10","3","0.5","4"
"1767","None","0.5","filename.txt","1","Best found","0.5","Penalty Method","Constraint 2","F2 Schwefel Function","true","filename.txt","36","1","10","9","0.5","10"
"1768","None","0.5","filename.txt","1","Best found","0.5","Penalty Method","Constraint 2","F2 Schwefel Function","true","filename.txt","36","1","10","10","0.5","11"
"1769","None","0.5","filename.txt","1","Best found","0.5","Penalty Method","Constraint 2","F2 Schwefel Function","true","filename.txt","36","1","10","4","0.5","5"
"1770","None","0.5","filename.txt","1","Best found","0.5","Penalty Method","Constraint 2","F2 Schwefel Function","true","filename.txt","36","1","10","11","0.5","12"
"1771","None","0.5","filename.txt","1","Best found","0.5","Penalty Method","Constraint 2","F2 Schwefel Function","true","filename.txt","36","1","10","9","0.5","10"
"1773","None","0.5","filename.txt","1","Best found","0.5","Penalty Method","Constraint 2","F2 Schwefel Function","true","filename.txt","36","1","10","11","0.5","12"
"1772","None","0.5","filename.txt","1","Best found","0.5","Penalty Method","Constraint 2","F2 Schwefel Function","true","filename.txt","36","1","10","13","0.5","14"
"1774","None","0.5","filename.txt","1","Best found","0.5","Penalty Method","Constraint 2","F2 Schwefel Function","true","filename.txt","36","1","10","9","0.5","10"
"1775","None","0.5","filename.txt","1","Best found","0.5","Penalty Method","Constraint 2","F2 Schwefel Function","true","filename.txt","36","1","10","11","0.5","12"
"1776","None","0.5","filename.txt","1","Best found","0.5","Penalty Method","Constraint 2","F2 Schwefel Function","true","filename.txt","36","1","10","13","0.5","14"
"1777","None","0.5","filename.txt","1","Best found","0.5","Penalty Method","Constraint 2","F2 Schwefel Function","true","filename.txt","36","1","10","8","0.5","9"
"1778","None","0.5","filename.txt","1","Best found","0.5","Penalty Method","Constraint 2","F2 Schwefel Function","true","filename.txt","36","1","10","12","0.5","13"
"1780","None","0.5","filename.txt","1","Best found","0.5","Penalty Method","Constraint 2","F2 Schwefel Function","true","filename.txt","36","1","10","10","0.5","11"
"1779","None","0.5","filename.txt","1","Best found","0.5","Penalty Method","Constraint 2","F2 Schwefel Function","true","filename.txt","36","1","10","11","0.5","12"
"1781","None","0.5","filename.txt","1","Best found","0.5","Penalty Method","Constraint 2","F2 Schwefel Function","true","filename.txt","36","1","10","13","0.5","14"
"1782","None","0.5","filename.txt","1","Best found","0.5","Penalty Method","Constraint 2","F2 Schwefel Function","true","filename.txt","36","1","10","8","0.5","9"
"1783","None","0.5","filename.txt","1","Best found","0.5","Penalty Method","Constraint 2","F2 Schwefel Function","true","filename.txt","36","1","10","9","0.5","10"
"1784","None","0.5","filename.txt","1","Best found","0.5","Penalty Method","Constraint 2","F2 Schwefel Function","true","filename.txt","36","1","10","9","0.5","10"
"1785","None","0.5","filename.txt","1","Best found","0.5","Penalty Method","Constraint 2","F2 Schwefel Function","true","filename.txt","36","1","10","5","0.5","6"
"1786","None","0.5","filename.txt","1","Best found","0.5","Penalty Method","Constraint 2","F2 Schwefel Function","true","filename.txt","36","1","10","11","0.5","12"
"1787","None","0.5","filename.txt","1","Best found","0.5","Penalty Method","Constraint 2","F2 Schwefel Function","true","filename.txt","36","1","10","11","0.5","12"
"1788","None","0.5","filename.txt","1","Best found","0.5","Penalty Method","Constraint 2","F2 Schwefel Function","true","filename.txt","36","1","10","9","0.5","10"
"1789","None","0.5","filename.txt","1","Best found","0.5","Penalty Method","Constraint 2","F2 Schwefel Function","true","filename.txt","36","1","10","5","0.5","6"
"1790","None","0.5","filename.txt","1","Best found","0.5","Penalty Method","Constraint 2","F2 Schwefel Function","true","filename.txt","36","1","10","11","0.5","12"
"1791","None","0.5","filename.txt","1","Best found","0.5","Penalty Method","Constraint 2","F2 Schwefel Function","true","filename.txt","36","1","10","13","0.5","14"
"1792","None","0.5","filename.txt","1","Best found","0.5","Penalty Method","Constraint 2","F2 Schwefel Function","true","filename.txt","36","1","10","14","0.5","15"
"1793","None","0.5","filename.txt","1","Best found","0.5","Penalty Method","Constraint 2","F2 Schwefel Function","true","filename.txt","36","1","10","9","0.5","10"
"1794","None","0.5","filename.txt","1","Best found","0.5","Penalty Method","Constraint 2","F2 Schwefel Function","true","filename.txt","36","1","10","5","0.5","6"
"1795","None","0.5","filename.txt","1","Best found","0.5","Penalty Method","Constraint 2","F2 Schwefel Function","true","filename.txt","36","1","10","10","0.5","11"
"1796","None","0.5","filename.txt","1","Best found","0.5","Penalty Method","Constraint 2","F2 Schwefel Function","true","filename.txt","36","1","10","13","0.5","14"
"1797","None","0.5","filename.txt","1","Best found","0.5","Penalty Method","Constraint 2","F2 Schwefel Function","true","filename.txt","36","1","10","6","0.5","7"
"1798","None","0.5","filename.txt","1","Best found","0.5","Penalty Method","Constraint 2","F2 Schwefel Function","true","filename.txt","36","1","10","10","0.5","11"
"1799","None","0.5","filename.txt","1","Best found","0.5","Penalty Method","Constraint 2","F2 Schwefel Function","true","filename.txt","36","1","10","13","0.5","14"
"1800","None","0.5","filename.txt","1","Best found","0.5","Penalty Method","Constraint 2","F2 Schwefel Function","true","filename.txt","36","1","10","9","0.5","10"
"1801","None","0.5","filename.txt","1","Best found","0.5","Penalty Method","Constraint 2","F2 Schwefel Function","true","filename.txt","38","1","10","10","0.5","11"
"1802","None","0.5","filename.txt","1","Best found","0.5","Penalty Method","Constraint 2","F2 Schwefel Function","true","filename.txt","38","1","10","9","0.5","10"
"1803","None","0.5","filename.txt","1","Best found","0.5","Penalty Method","Constraint 2","F2 Schwefel Function","true","filename.txt","38","1","10","12","0.5","13"
"1806","None","0.5","filename.txt","1","Best found","0.5","Penalty Method","Constraint 2","F2 Schwefel Function","true","filename.txt","38","1","10","9","0.5","10"
"1804","None","0.5","filename.txt","1","Best found","0.5","Penalty Method","Constraint 2","F2 Schwefel Function","true","filename.txt","38","1","10","8","0.5","9"
"1805","None","0.5","filename.txt","1","Best found","0.5","Penalty Method","Constraint 2","F2 Schwefel Function","true","filename.txt","38","1","10","13","0.5","14"
"1807","None","0.5","filename.txt","1","Best found","0.5","Penalty Method","Constraint 2","F2 Schwefel Function","true","filename.txt","38","1","10","4","0.5","5"
"1808","None","0.5","filename.txt","1","Best found","0.5","Penalty Method","Constraint 2","F2 Schwefel Function","true","filename.txt","38","1","10","10","0.5","11"
"1809","None","0.5","filename.txt","1","Best found","0.5","Penalty Method","Constraint 2","F2 Schwefel Function","true","filename.txt","38","1","10","16","0.5","17"
"1810","None","0.5","filename.txt","1","Best found","0.5","Penalty Method","Constraint 2","F2 Schwefel Function","true","filename.txt","38","1","10","9","0.5","10"
"1811","None","0.5","filename.txt","1","Best found","0.5","Penalty Method","Constraint 2","F2 Schwefel Function","true","filename.txt","38","1","10","9","0.5","10"
"1812","None","0.5","filename.txt","1","Best found","0.5","Penalty Method","Constraint 2","F2 Schwefel Function","true","filename.txt","38","1","10","17","0.5","18"
"1813","None","0.5","filename.txt","1","Best found","0.5","Penalty Method","Constraint 2","F2 Schwefel Function","true","filename.txt","38","1","10","15","0.5","16"
"1814","None","0.5","filename.txt","1","Best found","0.5","Penalty Method","Constraint 2","F2 Schwefel Function","true","filename.txt","38","1","10","13","0.5","14"
"1815","None","0.5","filename.txt","1","Best found","0.5","Penalty Method","Constraint 2","F2 Schwefel Function","true","filename.txt","38","1","10","7","0.5","8"
"1816","None","0.5","filename.txt","1","Best found","0.5","Penalty Method","Constraint 2","F2 Schwefel Function","true","filename.txt","38","1","10","8","0.5","9"
"1817","None","0.5","filename.txt","1","Best found","0.5","Penalty Method","Constraint 2","F2 Schwefel Function","true","filename.txt","38","1","10","18","0.5","19"
"1818","None","0.5","filename.txt","1","Best found","0.5","Penalty Method","Constraint 2","F2 Schwefel Function","true","filename.txt","38","1","10","10","0.5","11"
"1819","None","0.5","filename.txt","1","Best found","0.5","Penalty Method","Constraint 2","F2 Schwefel Function","true","filename.txt","38","1","10","6","0.5","7"
"1820","None","0.5","filename.txt","1","Best found","0.5","Penalty Method","Constraint 2","F2 Schwefel Function","true","filename.txt","38","1","10","10","0.5","11"
"1821","None","0.5","filename.txt","1","Best found","0.5","Penalty Method","Constraint 2","F2 Schwefel Function","true","filename.txt","38","1","10","10","0.5","11"
"1822","None","0.5","filename.txt","1","Best found","0.5","Penalty Method","Constraint 2","F2 Schwefel Function","true","filename.txt","38","1","10","15","0.5","16"
"1823","None","0.5","filename.txt","1","Best found","0.5","Penalty Method","Constraint 2","F2 Schwefel Function","true","filename.txt","38","1","10","13","0.5","14"
"1824","None","0.5","filename.txt","1","Best found","0.5","Penalty Method","Constraint 2","F2 Schwefel Function","true","filename.txt","38","1","10","4","0.5","5"
"1825","None","0.5","filename.txt","1","Best found","0.5","Penalty Method","Constraint 2","F2 Schwefel Function","true","filename.txt","38","1","10","13","0.5","14"
"1826","None","0.5","filename.txt","1","Best found","0.5","Penalty Method","Constraint 2","F2 Schwefel Function","true","filename.txt","38","1","10","9","0.5","10"
"1827","None","0.5","filename.txt","1","Best found","0.5","Penalty Method","Constraint 2","F2 Schwefel Function","true","filename.txt","38","1","10","15","0.5","16"
"1830","None","0.5","filename.txt","1","Best found","0.5","Penalty Method","Constraint 2","F2 Schwefel Function","true","filename.txt","38","1","10","10","0.5","11"
"1829","None","0.5","filename.txt","1","Best found","0.5","Penalty Method","Constraint 2","F2 Schwefel Function","true","filename.txt","38","1","10","11","0.5","12"
"1828","None","0.5","filename.txt","1","Best found","0.5","Penalty Method","Constraint 2","F2 Schwefel Function","true","filename.txt","38","1","10","9","0.5","10"
"1831","None","0.5","filename.txt","1","Best found","0.5","Penalty Method","Constraint 2","F2 Schwefel Function","true","filename.txt","38","1","10","15","0.5","16"
"1832","None","0.5","filename.txt","1","Best found","0.5","Penalty Method","Constraint 2","F2 Schwefel Function","true","filename.txt","38","1","10","9","0.5","10"
"1833","None","0.5","filename.txt","1","Best found","0.5","Penalty Method","Constraint 2","F2 Schwefel Function","true","filename.txt","38","1","10","11","0.5","12"
"1834","None","0.5","filename.txt","1","Best found","0.5","Penalty Method","Constraint 2","F2 Schwefel Function","true","filename.txt","38","1","10","8","0.5","9"
"1835","None","0.5","filename.txt","1","Best found","0.5","Penalty Method","Constraint 2","F2 Schwefel Function","true","filename.txt","38","1","10","8","0.5","9"
"1837","None","0.5","filename.txt","1","Best found","0.5","Penalty Method","Constraint 2","F2 Schwefel Function","true","filename.txt","38","1","10","11","0.5","12"
"1836","None","0.5","filename.txt","1","Best found","0.5","Penalty Method","Constraint 2","F2 Schwefel Function","true","filename.txt","38","1","10","9","0.5","10"
"1838","None","0.5","filename.txt","1","Best found","0.5","Penalty Method","Constraint 2","F2 Schwefel Function","true","filename.txt","38","1","10","12","0.5","13"
"1839","None","0.5","filename.txt","1","Best found","0.5","Penalty Method","Constraint 2","F2 Schwefel Function","true","filename.txt","38","1","10","8","0.5","9"
"1840","None","0.5","filename.txt","1","Best found","0.5","Penalty Method","Constraint 2","F2 Schwefel Function","true","filename.txt","38","1","10","12","0.5","13"
"1841","None","0.5","filename.txt","1","Best found","0.5","Penalty Method","Constraint 2","F2 Schwefel Function","true","filename.txt","38","1","10","10","0.5","11"
"1842","None","0.5","filename.txt","1","Best found","0.5","Penalty Method","Constraint 2","F2 Schwefel Function","true","filename.txt","38","1","10","9","0.5","10"
"1843","None","0.5","filename.txt","1","Best found","0.5","Penalty Method","Constraint 2","F2 Schwefel Function","true","filename.txt","38","1","10","8","0.5","9"
"1845","None","0.5","filename.txt","1","Best found","0.5","Penalty Method","Constraint 2","F2 Schwefel Function","true","filename.txt","38","1","10","12","0.5","13"
"1844","None","0.5","filename.txt","1","Best found","0.5","Penalty Method","Constraint 2","F2 Schwefel Function","true","filename.txt","38","1","10","9","0.5","10"
"1846","None","0.5","filename.txt","1","Best found","0.5","Penalty Method","Constraint 2","F2 Schwefel Function","true","filename.txt","38","1","10","3","0.5","4"
"1847","None","0.5","filename.txt","1","Best found","0.5","Penalty Method","Constraint 2","F2 Schwefel Function","true","filename.txt","38","1","10","9","0.5","10"
"1848","None","0.5","filename.txt","1","Best found","0.5","Penalty Method","Constraint 2","F2 Schwefel Function","true","filename.txt","38","1","10","16","0.5","17"
"1849","None","0.5","filename.txt","1","Best found","0.5","Penalty Method","Constraint 2","F2 Schwefel Function","true","filename.txt","38","1","10","21","0.5","22"
"1850","None","0.5","filename.txt","1","Best found","0.5","Penalty Method","Constraint 2","F2 Schwefel Function","true","filename.txt","38","1","10","9","0.5","10"
"1851","None","0.5","filename.txt","1","Best found","0.5","Penalty Method","Constraint 2","F2 Schwefel Function","true","filename.txt","38","1","10","23","0.5","24"
"1852","None","0.5","filename.txt","1","Best found","0.5","Penalty Method","Constraint 2","F2 Schwefel Function","true","filename.txt","38","1","10","9","0.5","10"
"1853","None","0.5","filename.txt","1","Best found","0.5","Penalty Method","Constraint 2","F2 Schwefel Function","true","filename.txt","38","1","10","11","0.5","12"
"1855","None","0.5","filename.txt","1","Best found","0.5","Penalty Method","Constraint 2","F2 Schwefel Function","true","filename.txt","38","1","10","6","0.5","7"
"1854","None","0.5","filename.txt","1","Best found","0.5","Penalty Method","Constraint 2","F2 Schwefel Function","true","filename.txt","38","1","10","9","0.5","10"
"1856","None","0.5","filename.txt","1","Best found","0.5","Penalty Method","Constraint 2","F2 Schwefel Function","true","filename.txt","38","1","10","8","0.5","9"
"1857","None","0.5","filename.txt","1","Best found","0.5","Penalty Method","Constraint 2","F2 Schwefel Function","true","filename.txt","38","1","10","10","0.5","11"
"1858","None","0.5","filename.txt","1","Best found","0.5","Penalty Method","Constraint 2","F2 Schwefel Function","true","filename.txt","38","1","10","14","0.5","15"
"1859","None","0.5","filename.txt","1","Best found","0.5","Penalty Method","Constraint 2","F2 Schwefel Function","true","filename.txt","38","1","10","9","0.5","10"
"1860","None","0.5","filename.txt","1","Best found","0.5","Penalty Method","Constraint 2","F2 Schwefel Function","true","filename.txt","38","1","10","9","0.5","10"
"1861","None","0.5","filename.txt","1","Best found","0.5","Penalty Method","Constraint 2","F2 Schwefel Function","true","filename.txt","38","1","10","11","0.5","12"
"1862","None","0.5","filename.txt","1","Best found","0.5","Penalty Method","Constraint 2","F2 Schwefel Function","true","filename.txt","38","1","10","10","0.5","11"
"1863","None","0.5","filename.txt","1","Best found","0.5","Penalty Method","Constraint 2","F2 Schwefel Function","true","filename.txt","38","1","10","9","0.5","10"
"1864","None","0.5","filename.txt","1","Best found","0.5","Penalty Method","Constraint 2","F2 Schwefel Function","true","filename.txt","38","1","10","17","0.5","18"
"1865","None","0.5","filename.txt","1","Best found","0.5","Penalty Method","Constraint 2","F2 Schwefel Function","true","filename.txt","38","1","10","7","0.5","8"
"1866","None","0.5","filename.txt","1","Best found","0.5","Penalty Method","Constraint 2","F2 Schwefel Function","true","filename.txt","38","1","10","9","0.5","10"
"1867","None","0.5","filename.txt","1","Best found","0.5","Penalty Method","Constraint 2","F2 Schwefel Function","true","filename.txt","38","1","10","11","0.5","12"
"1870","None","0.5","filename.txt","1","Best found","0.5","Penalty Method","Constraint 2","F2 Schwefel Function","true","filename.txt","38","1","10","3","0.5","4"
"1868","None","0.5","filename.txt","1","Best found","0.5","Penalty Method","Constraint 2","F2 Schwefel Function","true","filename.txt","38","1","10","7","0.5","8"
"1869","None","0.5","filename.txt","1","Best found","0.5","Penalty Method","Constraint 2","F2 Schwefel Function","true","filename.txt","38","1","10","8","0.5","9"
"1871","None","0.5","filename.txt","1","Best found","0.5","Penalty Method","Constraint 2","F2 Schwefel Function","true","filename.txt","38","1","10","13","0.5","14"
"1872","None","0.5","filename.txt","1","Best found","0.5","Penalty Method","Constraint 2","F2 Schwefel Function","true","filename.txt","38","1","10","13","0.5","14"
"1873","None","0.5","filename.txt","1","Best found","0.5","Penalty Method","Constraint 2","F2 Schwefel Function","true","filename.txt","38","1","10","10","0.5","11"
"1874","None","0.5","filename.txt","1","Best found","0.5","Penalty Method","Constraint 2","F2 Schwefel Function","true","filename.txt","38","1","10","5","0.5","6"
"1875","None","0.5","filename.txt","1","Best found","0.5","Penalty Method","Constraint 2","F2 Schwefel Function","true","filename.txt","38","1","10","9","0.5","10"
"1877","None","0.5","filename.txt","1","Best found","0.5","Penalty Method","Constraint 2","F2 Schwefel Function","true","filename.txt","38","1","10","8","0.5","9"
"1876","None","0.5","filename.txt","1","Best found","0.5","Penalty Method","Constraint 2","F2 Schwefel Function","true","filename.txt","38","1","10","9","0.5","10"
"1878","None","0.5","filename.txt","1","Best found","0.5","Penalty Method","Constraint 2","F2 Schwefel Function","true","filename.txt","38","1","10","8","0.5","9"
"1879","None","0.5","filename.txt","1","Best found","0.5","Penalty Method","Constraint 2","F2 Schwefel Function","true","filename.txt","38","1","10","9","0.5","10"
"1880","None","0.5","filename.txt","1","Best found","0.5","Penalty Method","Constraint 2","F2 Schwefel Function","true","filename.txt","38","1","10","13","0.5","14"
"1881","None","0.5","filename.txt","1","Best found","0.5","Penalty Method","Constraint 2","F2 Schwefel Function","true","filename.txt","38","1","10","6","0.5","7"
"1882","None","0.5","filename.txt","1","Best found","0.5","Penalty Method","Constraint 2","F2 Schwefel Function","true","filename.txt","38","1","10","14","0.5","15"
"1883","None","0.5","filename.txt","1","Best found","0.5","Penalty Method","Constraint 2","F2 Schwefel Function","true","filename.txt","38","1","10","10","0.5","11"
"1885","None","0.5","filename.txt","1","Best found","0.5","Penalty Method","Constraint 2","F2 Schwefel Function","true","filename.txt","38","1","10","6","0.5","7"
"1884","None","0.5","filename.txt","1","Best found","0.5","Penalty Method","Constraint 2","F2 Schwefel Function","true","filename.txt","38","1","10","9","0.5","10"
"1886","None","0.5","filename.txt","1","Best found","0.5","Penalty Method","Constraint 2","F2 Schwefel Function","true","filename.txt","38","1","10","11","0.5","12"
"1887","None","0.5","filename.txt","1","Best found","0.5","Penalty Method","Constraint 2","F2 Schwefel Function","true","filename.txt","38","1","10","10","0.5","11"
"1888","None","0.5","filename.txt","1","Best found","0.5","Penalty Method","Constraint 2","F2 Schwefel Function","true","filename.txt","38","1","10","11","0.5","12"
"1889","None","0.5","filename.txt","1","Best found","0.5","Penalty Method","Constraint 2","F2 Schwefel Function","true","filename.txt","38","1","10","7","0.5","8"
"1890","None","0.5","filename.txt","1","Best found","0.5","Penalty Method","Constraint 2","F2 Schwefel Function","true","filename.txt","38","1","10","13","0.5","14"
"1891","None","0.5","filename.txt","1","Best found","0.5","Penalty Method","Constraint 2","F2 Schwefel Function","true","filename.txt","38","1","10","8","0.5","9"
"1892","None","0.5","filename.txt","1","Best found","0.5","Penalty Method","Constraint 2","F2 Schwefel Function","true","filename.txt","38","1","10","12","0.5","13"
"1893","None","0.5","filename.txt","1","Best found","0.5","Penalty Method","Constraint 2","F2 Schwefel Function","true","filename.txt","38","1","10","19","0.5","20"
"1894","None","0.5","filename.txt","1","Best found","0.5","Penalty Method","Constraint 2","F2 Schwefel Function","true","filename.txt","38","1","10","12","0.5","13"
"1895","None","0.5","filename.txt","1","Best found","0.5","Penalty Method","Constraint 2","F2 Schwefel Function","true","filename.txt","38","1","10","10","0.5","11"
"1896","None","0.5","filename.txt","1","Best found","0.5","Penalty Method","Constraint 2","F2 Schwefel Function","true","filename.txt","38","1","10","10","0.5","11"
"1897","None","0.5","filename.txt","1","Best found","0.5","Penalty Method","Constraint 2","F2 Schwefel Function","true","filename.txt","38","1","10","6","0.5","7"
"1898","None","0.5","filename.txt","1","Best found","0.5","Penalty Method","Constraint 2","F2 Schwefel Function","true","filename.txt","38","1","10","15","0.5","16"
"1899","None","0.5","filename.txt","1","Best found","0.5","Penalty Method","Constraint 2","F2 Schwefel Function","true","filename.txt","38","1","10","9","0.5","10"
"1900","None","0.5","filename.txt","1","Best found","0.5","Penalty Method","Constraint 2","F2 Schwefel Function","true","filename.txt","38","1","10","14","0.5","15"
"1901","None","0.5","filename.txt","1","Best found","0.5","Penalty Method","Constraint 2","F2 Schwefel Function","true","filename.txt","40","1","10","10","0.5","11"
"1902","None","0.5","filename.txt","1","Best found","0.5","Penalty Method","Constraint 2","F2 Schwefel Function","true","filename.txt","40","1","10","10","0.5","11"
"1903","None","0.5","filename.txt","1","Best found","0.5","Penalty Method","Constraint 2","F2 Schwefel Function","true","filename.txt","40","1","10","11","0.5","12"
"1904","None","0.5","filename.txt","1","Best found","0.5","Penalty Method","Constraint 2","F2 Schwefel Function","true","filename.txt","40","1","10","6","0.5","7"
"1905","None","0.5","filename.txt","1","Best found","0.5","Penalty Method","Constraint 2","F2 Schwefel Function","true","filename.txt","40","1","10","15","0.5","16"
"1906","None","0.5","filename.txt","1","Best found","0.5","Penalty Method","Constraint 2","F2 Schwefel Function","true","filename.txt","40","1","10","8","0.5","9"
"1907","None","0.5","filename.txt","1","Best found","0.5","Penalty Method","Constraint 2","F2 Schwefel Function","true","filename.txt","40","1","10","9","0.5","10"
"1908","None","0.5","filename.txt","1","Best found","0.5","Penalty Method","Constraint 2","F2 Schwefel Function","true","filename.txt","40","1","10","8","0.5","9"
"1909","None","0.5","filename.txt","1","Best found","0.5","Penalty Method","Constraint 2","F2 Schwefel Function","true","filename.txt","40","1","10","15","0.5","16"
"1910","None","0.5","filename.txt","1","Best found","0.5","Penalty Method","Constraint 2","F2 Schwefel Function","true","filename.txt","40","1","10","5","0.5","6"
"1911","None","0.5","filename.txt","1","Best found","0.5","Penalty Method","Constraint 2","F2 Schwefel Function","true","filename.txt","40","1","10","11","0.5","12"
"1913","None","0.5","filename.txt","1","Best found","0.5","Penalty Method","Constraint 2","F2 Schwefel Function","true","filename.txt","40","1","10","10","0.5","11"
"1914","None","0.5","filename.txt","1","Best found","0.5","Penalty Method","Constraint 2","F2 Schwefel Function","true","filename.txt","40","1","10","12","0.5","13"
"1912","None","0.5","filename.txt","1","Best found","0.5","Penalty Method","Constraint 2","F2 Schwefel Function","true","filename.txt","40","1","10","600","0.49949604594188285","600"
"1915","None","0.5","filename.txt","1","Best found","0.5","Penalty Method","Constraint 2","F2 Schwefel Function","true","filename.txt","40","1","10","7","0.5","8"
"1916","None","0.5","filename.txt","1","Best found","0.5","Penalty Method","Constraint 2","F2 Schwefel Function","true","filename.txt","40","1","10","7","0.5","8"
"1917","None","0.5","filename.txt","1","Best found","0.5","Penalty Method","Constraint 2","F2 Schwefel Function","true","filename.txt","40","1","10","14","0.5","15"
"1918","None","0.5","filename.txt","1","Best found","0.5","Penalty Method","Constraint 2","F2 Schwefel Function","true","filename.txt","40","1","10","7","0.5","8"
"1920","None","0.5","filename.txt","1","Best found","0.5","Penalty Method","Constraint 2","F2 Schwefel Function","true","filename.txt","40","1","10","11","0.5","12"
"1921","None","0.5","filename.txt","1","Best found","0.5","Penalty Method","Constraint 2","F2 Schwefel Function","true","filename.txt","40","1","10","8","0.5","9"
"1919","None","0.5","filename.txt","1","Best found","0.5","Penalty Method","Constraint 2","F2 Schwefel Function","true","filename.txt","40","1","10","600","0.49949604594188285","600"
"1922","None","0.5","filename.txt","1","Best found","0.5","Penalty Method","Constraint 2","F2 Schwefel Function","true","filename.txt","40","1","10","16","0.5","17"
"1923","None","0.5","filename.txt","1","Best found","0.5","Penalty Method","Constraint 2","F2 Schwefel Function","true","filename.txt","40","1","10","6","0.5","7"
"1924","None","0.5","filename.txt","1","Best found","0.5","Penalty Method","Constraint 2","F2 Schwefel Function","true","filename.txt","40","1","10","6","0.5","7"
"1925","None","0.5","filename.txt","1","Best found","0.5","Penalty Method","Constraint 2","F2 Schwefel Function","true","filename.txt","40","1","10","10","0.5","11"
"1926","None","0.5","filename.txt","1","Best found","0.5","Penalty Method","Constraint 2","F2 Schwefel Function","true","filename.txt","40","1","10","12","0.5","13"
"1927","None","0.5","filename.txt","1","Best found","0.5","Penalty Method","Constraint 2","F2 Schwefel Function","true","filename.txt","40","1","10","6","0.5","7"
"1928","None","0.5","filename.txt","1","Best found","0.5","Penalty Method","Constraint 2","F2 Schwefel Function","true","filename.txt","40","1","10","6","0.5","7"
"1929","None","0.5","filename.txt","1","Best found","0.5","Penalty Method","Constraint 2","F2 Schwefel Function","true","filename.txt","40","1","10","7","0.5","8"
"1930","None","0.5","filename.txt","1","Best found","0.5","Penalty Method","Constraint 2","F2 Schwefel Function","true","filename.txt","40","1","10","7","0.5","8"
"1931","None","0.5","filename.txt","1","Best found","0.5","Penalty Method","Constraint 2","F2 Schwefel Function","true","filename.txt","40","1","10","14","0.5","15"
"1932","None","0.5","filename.txt","1","Best found","0.5","Penalty Method","Constraint 2","F2 Schwefel Function","true","filename.txt","40","1","10","11","0.5","12"
"1933","None","0.5","filename.txt","1","Best found","0.5","Penalty Method","Constraint 2","F2 Schwefel Function","true","filename.txt","40","1","10","10","0.5","11"
"1934","None","0.5","filename.txt","1","Best found","0.5","Penalty Method","Constraint 2","F2 Schwefel Function","true","filename.txt","40","1","10","12","0.5","13"
"1935","None","0.5","filename.txt","1","Best found","0.5","Penalty Method","Constraint 2","F2 Schwefel Function","true","filename.txt","40","1","10","5","0.5","6"
"1936","None","0.5","filename.txt","1","Best found","0.5","Penalty Method","Constraint 2","F2 Schwefel Function","true","filename.txt","40","1","10","11","0.5","12"
"1937","None","0.5","filename.txt","1","Best found","0.5","Penalty Method","Constraint 2","F2 Schwefel Function","true","filename.txt","40","1","10","12","0.5","13"
"1938","None","0.5","filename.txt","1","Best found","0.5","Penalty Method","Constraint 2","F2 Schwefel Function","true","filename.txt","40","1","10","9","0.5","10"
"1939","None","0.5","filename.txt","1","Best found","0.5","Penalty Method","Constraint 2","F2 Schwefel Function","true","filename.txt","40","1","10","10","0.5","11"
"1940","None","0.5","filename.txt","1","Best found","0.5","Penalty Method","Constraint 2","F2 Schwefel Function","true","filename.txt","40","1","10","600","0.49949604594188285","600"
"1941","None","0.5","filename.txt","1","Best found","0.5","Penalty Method","Constraint 2","F2 Schwefel Function","true","filename.txt","40","1","10","12","0.5","13"
"1942","None","0.5","filename.txt","1","Best found","0.5","Penalty Method","Constraint 2","F2 Schwefel Function","true","filename.txt","40","1","10","12","0.5","13"
"1943","None","0.5","filename.txt","1","Best found","0.5","Penalty Method","Constraint 2","F2 Schwefel Function","true","filename.txt","40","1","10","10","0.5","11"
"1944","None","0.5","filename.txt","1","Best found","0.5","Penalty Method","Constraint 2","F2 Schwefel Function","true","filename.txt","40","1","10","12","0.5","13"
"1945","None","0.5","filename.txt","1","Best found","0.5","Penalty Method","Constraint 2","F2 Schwefel Function","true","filename.txt","40","1","10","12","0.5","13"
"1946","None","0.5","filename.txt","1","Best found","0.5","Penalty Method","Constraint 2","F2 Schwefel Function","true","filename.txt","40","1","10","12","0.5","13"
"1947","None","0.5","filename.txt","1","Best found","0.5","Penalty Method","Constraint 2","F2 Schwefel Function","true","filename.txt","40","1","10","12","0.5","13"
"1948","None","0.5","filename.txt","1","Best found","0.5","Penalty Method","Constraint 2","F2 Schwefel Function","true","filename.txt","40","1","10","8","0.5","9"
"1949","None","0.5","filename.txt","1","Best found","0.5","Penalty Method","Constraint 2","F2 Schwefel Function","true","filename.txt","40","1","10","8","0.5","9"
"1950","None","0.5","filename.txt","1","Best found","0.5","Penalty Method","Constraint 2","F2 Schwefel Function","true","filename.txt","40","1","10","13","0.5","14"
"1951","None","0.5","filename.txt","1","Best found","0.5","Penalty Method","Constraint 2","F2 Schwefel Function","true","filename.txt","40","1","10","9","0.5","10"
"1952","None","0.5","filename.txt","1","Best found","0.5","Penalty Method","Constraint 2","F2 Schwefel Function","true","filename.txt","40","1","10","7","0.5","8"
"1953","None","0.5","filename.txt","1","Best found","0.5","Penalty Method","Constraint 2","F2 Schwefel Function","true","filename.txt","40","1","10","10","0.5","11"
"1954","None","0.5","filename.txt","1","Best found","0.5","Penalty Method","Constraint 2","F2 Schwefel Function","true","filename.txt","40","1","10","11","0.5","12"
"1955","None","0.5","filename.txt","1","Best found","0.5","Penalty Method","Constraint 2","F2 Schwefel Function","true","filename.txt","40","1","10","6","0.5","7"
"1956","None","0.5","filename.txt","1","Best found","0.5","Penalty Method","Constraint 2","F2 Schwefel Function","true","filename.txt","40","1","10","13","0.5","14"
"1957","None","0.5","filename.txt","1","Best found","0.5","Penalty Method","Constraint 2","F2 Schwefel Function","true","filename.txt","40","1","10","7","0.5","8"
"1958","None","0.5","filename.txt","1","Best found","0.5","Penalty Method","Constraint 2","F2 Schwefel Function","true","filename.txt","40","1","10","10","0.5","11"
"1959","None","0.5","filename.txt","1","Best found","0.5","Penalty Method","Constraint 2","F2 Schwefel Function","true","filename.txt","40","1","10","13","0.5","14"
"1960","None","0.5","filename.txt","1","Best found","0.5","Penalty Method","Constraint 2","F2 Schwefel Function","true","filename.txt","40","1","10","10","0.5","11"
"1961","None","0.5","filename.txt","1","Best found","0.5","Penalty Method","Constraint 2","F2 Schwefel Function","true","filename.txt","40","1","10","10","0.5","11"
"1962","None","0.5","filename.txt","1","Best found","0.5","Penalty Method","Constraint 2","F2 Schwefel Function","true","filename.txt","40","1","10","17","0.5","18"
"1963","None","0.5","filename.txt","1","Best found","0.5","Penalty Method","Constraint 2","F2 Schwefel Function","true","filename.txt","40","1","10","7","0.5","8"
"1964","None","0.5","filename.txt","1","Best found","0.5","Penalty Method","Constraint 2","F2 Schwefel Function","true","filename.txt","40","1","10","13","0.5","14"
"1965","None","0.5","filename.txt","1","Best found","0.5","Penalty Method","Constraint 2","F2 Schwefel Function","true","filename.txt","40","1","10","10","0.5","11"
"1966","None","0.5","filename.txt","1","Best found","0.5","Penalty Method","Constraint 2","F2 Schwefel Function","true","filename.txt","40","1","10","9","0.5","10"
"1967","None","0.5","filename.txt","1","Best found","0.5","Penalty Method","Constraint 2","F2 Schwefel Function","true","filename.txt","40","1","10","7","0.5","8"
"1968","None","0.5","filename.txt","1","Best found","0.5","Penalty Method","Constraint 2","F2 Schwefel Function","true","filename.txt","40","1","10","14","0.5","15"
"1969","None","0.5","filename.txt","1","Best found","0.5","Penalty Method","Constraint 2","F2 Schwefel Function","true","filename.txt","40","1","10","8","0.5","9"
"1970","None","0.5","filename.txt","1","Best found","0.5","Penalty Method","Constraint 2","F2 Schwefel Function","true","filename.txt","40","1","10","8","0.5","9"
"1971","None","0.5","filename.txt","1","Best found","0.5","Penalty Method","Constraint 2","F2 Schwefel Function","true","filename.txt","40","1","10","10","0.5","11"
"1972","None","0.5","filename.txt","1","Best found","0.5","Penalty Method","Constraint 2","F2 Schwefel Function","true","filename.txt","40","1","10","12","0.5","13"
"1974","None","0.5","filename.txt","1","Best found","0.5","Penalty Method","Constraint 2","F2 Schwefel Function","true","filename.txt","40","1","10","11","0.5","12"
"1973","None","0.5","filename.txt","1","Best found","0.5","Penalty Method","Constraint 2","F2 Schwefel Function","true","filename.txt","40","1","10","11","0.5","12"
"1975","None","0.5","filename.txt","1","Best found","0.5","Penalty Method","Constraint 2","F2 Schwefel Function","true","filename.txt","40","1","10","12","0.5","13"
"1976","None","0.5","filename.txt","1","Best found","0.5","Penalty Method","Constraint 2","F2 Schwefel Function","true","filename.txt","40","1","10","14","0.5","15"
"1977","None","0.5","filename.txt","1","Best found","0.5","Penalty Method","Constraint 2","F2 Schwefel Function","true","filename.txt","40","1","10","7","0.5","8"
"1978","None","0.5","filename.txt","1","Best found","0.5","Penalty Method","Constraint 2","F2 Schwefel Function","true","filename.txt","40","1","10","11","0.5","12"
"1979","None","0.5","filename.txt","1","Best found","0.5","Penalty Method","Constraint 2","F2 Schwefel Function","true","filename.txt","40","1","10","7","0.5","8"
"1980","None","0.5","filename.txt","1","Best found","0.5","Penalty Method","Constraint 2","F2 Schwefel Function","true","filename.txt","40","1","10","9","0.5","10"
"1981","None","0.5","filename.txt","1","Best found","0.5","Penalty Method","Constraint 2","F2 Schwefel Function","true","filename.txt","40","1","10","10","0.5","11"
"1982","None","0.5","filename.txt","1","Best found","0.5","Penalty Method","Constraint 2","F2 Schwefel Function","true","filename.txt","40","1","10","8","0.5","9"
"1983","None","0.5","filename.txt","1","Best found","0.5","Penalty Method","Constraint 2","F2 Schwefel Function","true","filename.txt","40","1","10","12","0.5","13"
"1984","None","0.5","filename.txt","1","Best found","0.5","Penalty Method","Constraint 2","F2 Schwefel Function","true","filename.txt","40","1","10","9","0.5","10"
"1985","None","0.5","filename.txt","1","Best found","0.5","Penalty Method","Constraint 2","F2 Schwefel Function","true","filename.txt","40","1","10","11","0.5","12"
"1986","None","0.5","filename.txt","1","Best found","0.5","Penalty Method","Constraint 2","F2 Schwefel Function","true","filename.txt","40","1","10","13","0.5","14"
"1987","None","0.5","filename.txt","1","Best found","0.5","Penalty Method","Constraint 2","F2 Schwefel Function","true","filename.txt","40","1","10","8","0.5","9"
"1988","None","0.5","filename.txt","1","Best found","0.5","Penalty Method","Constraint 2","F2 Schwefel Function","true","filename.txt","40","1","10","10","0.5","11"
"1989","None","0.5","filename.txt","1","Best found","0.5","Penalty Method","Constraint 2","F2 Schwefel Function","true","filename.txt","40","1","10","4","0.5","5"
"1991","None","0.5","filename.txt","1","Best found","0.5","Penalty Method","Constraint 2","F2 Schwefel Function","true","filename.txt","40","1","10","6","0.5","7"
"1990","None","0.5","filename.txt","1","Best found","0.5","Penalty Method","Constraint 2","F2 Schwefel Function","true","filename.txt","40","1","10","12","0.5","13"
"1992","None","0.5","filename.txt","1","Best found","0.5","Penalty Method","Constraint 2","F2 Schwefel Function","true","filename.txt","40","1","10","10","0.5","11"
"1993","None","0.5","filename.txt","1","Best found","0.5","Penalty Method","Constraint 2","F2 Schwefel Function","true","filename.txt","40","1","10","7","0.5","8"
"1994","None","0.5","filename.txt","1","Best found","0.5","Penalty Method","Constraint 2","F2 Schwefel Function","true","filename.txt","40","1","10","12","0.5","13"
"1995","None","0.5","filename.txt","1","Best found","0.5","Penalty Method","Constraint 2","F2 Schwefel Function","true","filename.txt","40","1","10","12","0.5","13"
"1996","None","0.5","filename.txt","1","Best found","0.5","Penalty Method","Constraint 2","F2 Schwefel Function","true","filename.txt","40","1","10","11","0.5","12"
"1998","None","0.5","filename.txt","1","Best found","0.5","Penalty Method","Constraint 2","F2 Schwefel Function","true","filename.txt","40","1","10","12","0.5","13"
"1997","None","0.5","filename.txt","1","Best found","0.5","Penalty Method","Constraint 2","F2 Schwefel Function","true","filename.txt","40","1","10","12","0.5","13"
"2000","None","0.5","filename.txt","1","Best found","0.5","Penalty Method","Constraint 2","F2 Schwefel Function","true","filename.txt","40","1","10","9","0.5","10"
"1999","None","0.5","filename.txt","1","Best found","0.5","Penalty Method","Constraint 2","F2 Schwefel Function","true","filename.txt","40","1","10","13","0.5","14"
"2001","None","0.5","filename.txt","1","Best found","0.5","Penalty Method","Constraint 2","F2 Schwefel Function","true","filename.txt","42","1","10","11","0.5","12"
"2002","None","0.5","filename.txt","1","Best found","0.5","Penalty Method","Constraint 2","F2 Schwefel Function","true","filename.txt","42","1","10","6","0.5","7"
"2003","None","0.5","filename.txt","1","Best found","0.5","Penalty Method","Constraint 2","F2 Schwefel Function","true","filename.txt","42","1","10","11","0.5","12"
"2004","None","0.5","filename.txt","1","Best found","0.5","Penalty Method","Constraint 2","F2 Schwefel Function","true","filename.txt","42","1","10","10","0.5","11"
"2005","None","0.5","filename.txt","1","Best found","0.5","Penalty Method","Constraint 2","F2 Schwefel Function","true","filename.txt","42","1","10","7","0.5","8"
"2006","None","0.5","filename.txt","1","Best found","0.5","Penalty Method","Constraint 2","F2 Schwefel Function","true","filename.txt","42","1","10","10","0.5","11"
"2007","None","0.5","filename.txt","1","Best found","0.5","Penalty Method","Constraint 2","F2 Schwefel Function","true","filename.txt","42","1","10","10","0.5","11"
"2008","None","0.5","filename.txt","1","Best found","0.5","Penalty Method","Constraint 2","F2 Schwefel Function","true","filename.txt","42","1","10","9","0.5","10"
"2009","None","0.5","filename.txt","1","Best found","0.5","Penalty Method","Constraint 2","F2 Schwefel Function","true","filename.txt","42","1","10","11","0.5","12"
"2010","None","0.5","filename.txt","1","Best found","0.5","Penalty Method","Constraint 2","F2 Schwefel Function","true","filename.txt","42","1","10","9","0.5","10"
"2011","None","0.5","filename.txt","1","Best found","0.5","Penalty Method","Constraint 2","F2 Schwefel Function","true","filename.txt","42","1","10","8","0.5","9"
"2013","None","0.5","filename.txt","1","Best found","0.5","Penalty Method","Constraint 2","F2 Schwefel Function","true","filename.txt","42","1","10","10","0.5","11"
"2014","None","0.5","filename.txt","1","Best found","0.5","Penalty Method","Constraint 2","F2 Schwefel Function","true","filename.txt","42","1","10","7","0.5","8"
"2012","None","0.5","filename.txt","1","Best found","0.5","Penalty Method","Constraint 2","F2 Schwefel Function","true","filename.txt","42","1","10","13","0.5","14"
"2015","None","0.5","filename.txt","1","Best found","0.5","Penalty Method","Constraint 2","F2 Schwefel Function","true","filename.txt","42","1","10","12","0.5","13"
"2016","None","0.5","filename.txt","1","Best found","0.5","Penalty Method","Constraint 2","F2 Schwefel Function","true","filename.txt","42","1","10","7","0.5","8"
"2017","None","0.5","filename.txt","1","Best found","0.5","Penalty Method","Constraint 2","F2 Schwefel Function","true","filename.txt","42","1","10","11","0.5","12"
"2018","None","0.5","filename.txt","1","Best found","0.5","Penalty Method","Constraint 2","F2 Schwefel Function","true","filename.txt","42","1","10","13","0.5","14"
"2019","None","0.5","filename.txt","1","Best found","0.5","Penalty Method","Constraint 2","F2 Schwefel Function","true","filename.txt","42","1","10","13","0.5","14"
"2020","None","0.5","filename.txt","1","Best found","0.5","Penalty Method","Constraint 2","F2 Schwefel Function","true","filename.txt","42","1","10","9","0.5","10"
"2023","None","0.5","filename.txt","1","Best found","0.5","Penalty Method","Constraint 2","F2 Schwefel Function","true","filename.txt","42","1","10","8","0.5","9"
"2022","None","0.5","filename.txt","1","Best found","0.5","Penalty Method","Constraint 2","F2 Schwefel Function","true","filename.txt","42","1","10","9","0.5","10"
"2021","None","0.5","filename.txt","1","Best found","0.5","Penalty Method","Constraint 2","F2 Schwefel Function","true","filename.txt","42","1","10","12","0.5","13"
"2024","None","0.5","filename.txt","1","Best found","0.5","Penalty Method","Constraint 2","F2 Schwefel Function","true","filename.txt","42","1","10","8","0.5","9"
"2025","None","0.5","filename.txt","1","Best found","0.5","Penalty Method","Constraint 2","F2 Schwefel Function","true","filename.txt","42","1","10","8","0.5","9"
"2026","None","0.5","filename.txt","1","Best found","0.5","Penalty Method","Constraint 2","F2 Schwefel Function","true","filename.txt","42","1","10","10","0.5","11"
"2027","None","0.5","filename.txt","1","Best found","0.5","Penalty Method","Constraint 2","F2 Schwefel Function","true","filename.txt","42","1","10","8","0.5","9"
"2029","None","0.5","filename.txt","1","Best found","0.5","Penalty Method","Constraint 2","F2 Schwefel Function","true","filename.txt","42","1","10","3","0.5","4"
"2028","None","0.5","filename.txt","1","Best found","0.5","Penalty Method","Constraint 2","F2 Schwefel Function","true","filename.txt","42","1","10","8","0.5","9"
"2030","None","0.5","filename.txt","1","Best found","0.5","Penalty Method","Constraint 2","F2 Schwefel Function","true","filename.txt","42","1","10","7","0.5","8"
"2031","None","0.5","filename.txt","1","Best found","0.5","Penalty Method","Constraint 2","F2 Schwefel Function","true","filename.txt","42","1","10","13","0.5","14"
"2032","None","0.5","filename.txt","1","Best found","0.5","Penalty Method","Constraint 2","F2 Schwefel Function","true","filename.txt","42","1","10","10","0.5","11"
"2033","None","0.5","filename.txt","1","Best found","0.5","Penalty Method","Constraint 2","F2 Schwefel Function","true","filename.txt","42","1","10","8","0.5","9"
"2034","None","0.5","filename.txt","1","Best found","0.5","Penalty Method","Constraint 2","F2 Schwefel Function","true","filename.txt","42","1","10","10","0.5","11"
"2035","None","0.5","filename.txt","1","Best found","0.5","Penalty Method","Constraint 2","F2 Schwefel Function","true","filename.txt","42","1","10","8","0.5","9"
"2036","None","0.5","filename.txt","1","Best found","0.5","Penalty Method","Constraint 2","F2 Schwefel Function","true","filename.txt","42","1","10","14","0.5","15"
"2037","None","0.5","filename.txt","1","Best found","0.5","Penalty Method","Constraint 2","F2 Schwefel Function","true","filename.txt","42","1","10","11","0.5","12"
"2038","None","0.5","filename.txt","1","Best found","0.5","Penalty Method","Constraint 2","F2 Schwefel Function","true","filename.txt","42","1","10","9","0.5","10"
"2039","None","0.5","filename.txt","1","Best found","0.5","Penalty Method","Constraint 2","F2 Schwefel Function","true","filename.txt","42","1","10","3","0.5","4"
"2040","None","0.5","filename.txt","1","Best found","0.5","Penalty Method","Constraint 2","F2 Schwefel Function","true","filename.txt","42","1","10","8","0.5","9"
"2041","None","0.5","filename.txt","1","Best found","0.5","Penalty Method","Constraint 2","F2 Schwefel Function","true","filename.txt","42","1","10","7","0.5","8"
"2042","None","0.5","filename.txt","1","Best found","0.5","Penalty Method","Constraint 2","F2 Schwefel Function","true","filename.txt","42","1","10","9","0.5","10"
"2043","None","0.5","filename.txt","1","Best found","0.5","Penalty Method","Constraint 2","F2 Schwefel Function","true","filename.txt","42","1","10","14","0.5","15"
"2044","None","0.5","filename.txt","1","Best found","0.5","Penalty Method","Constraint 2","F2 Schwefel Function","true","filename.txt","42","1","10","11","0.5","12"
"2045","None","0.5","filename.txt","1","Best found","0.5","Penalty Method","Constraint 2","F2 Schwefel Function","true","filename.txt","42","1","10","10","0.5","11"
"2046","None","0.5","filename.txt","1","Best found","0.5","Penalty Method","Constraint 2","F2 Schwefel Function","true","filename.txt","42","1","10","6","0.5","7"
"2047","None","0.5","filename.txt","1","Best found","0.5","Penalty Method","Constraint 2","F2 Schwefel Function","true","filename.txt","42","1","10","9","0.5","10"
"2048","None","0.5","filename.txt","1","Best found","0.5","Penalty Method","Constraint 2","F2 Schwefel Function","true","filename.txt","42","1","10","10","0.5","11"
"2049","None","0.5","filename.txt","1","Best found","0.5","Penalty Method","Constraint 2","F2 Schwefel Function","true","filename.txt","42","1","10","12","0.5","13"
"2050","None","0.5","filename.txt","1","Best found","0.5","Penalty Method","Constraint 2","F2 Schwefel Function","true","filename.txt","42","1","10","14","0.5","15"
"2051","None","0.5","filename.txt","1","Best found","0.5","Penalty Method","Constraint 2","F2 Schwefel Function","true","filename.txt","42","1","10","10","0.5","11"
"2052","None","0.5","filename.txt","1","Best found","0.5","Penalty Method","Constraint 2","F2 Schwefel Function","true","filename.txt","42","1","10","9","0.5","10"
"2053","None","0.5","filename.txt","1","Best found","0.5","Penalty Method","Constraint 2","F2 Schwefel Function","true","filename.txt","42","1","10","3","0.5","4"
"2054","None","0.5","filename.txt","1","Best found","0.5","Penalty Method","Constraint 2","F2 Schwefel Function","true","filename.txt","42","1","10","11","0.5","12"
"2055","None","0.5","filename.txt","1","Best found","0.5","Penalty Method","Constraint 2","F2 Schwefel Function","true","filename.txt","42","1","10","8","0.5","9"
"2056","None","0.5","filename.txt","1","Best found","0.5","Penalty Method","Constraint 2","F2 Schwefel Function","true","filename.txt","42","1","10","7","0.5","8"
"2057","None","0.5","filename.txt","1","Best found","0.5","Penalty Method","Constraint 2","F2 Schwefel Function","true","filename.txt","42","1","10","7","0.5","8"
"2059","None","0.5","filename.txt","1","Best found","0.5","Penalty Method","Constraint 2","F2 Schwefel Function","true","filename.txt","42","1","10","12","0.5","13"
"2058","None","0.5","filename.txt","1","Best found","0.5","Penalty Method","Constraint 2","F2 Schwefel Function","true","filename.txt","42","1","10","8","0.5","9"
"2060","None","0.5","filename.txt","1","Best found","0.5","Penalty Method","Constraint 2","F2 Schwefel Function","true","filename.txt","42","1","10","12","0.5","13"
"2061","None","0.5","filename.txt","1","Best found","0.5","Penalty Method","Constraint 2","F2 Schwefel Function","true","filename.txt","42","1","10","13","0.5","14"
"2062","None","0.5","filename.txt","1","Best found","0.5","Penalty Method","Constraint 2","F2 Schwefel Function","true","filename.txt","42","1","10","13","0.5","14"
"2063","None","0.5","filename.txt","1","Best found","0.5","Penalty Method","Constraint 2","F2 Schwefel Function","true","filename.txt","42","1","10","12","0.5","13"
"2064","None","0.5","filename.txt","1","Best found","0.5","Penalty Method","Constraint 2","F2 Schwefel Function","true","filename.txt","42","1","10","13","0.5","14"
"2066","None","0.5","filename.txt","1","Best found","0.5","Penalty Method","Constraint 2","F2 Schwefel Function","true","filename.txt","42","1","10","7","0.5","8"
"2065","None","0.5","filename.txt","1","Best found","0.5","Penalty Method","Constraint 2","F2 Schwefel Function","true","filename.txt","42","1","10","6","0.5","7"
"2067","None","0.5","filename.txt","1","Best found","0.5","Penalty Method","Constraint 2","F2 Schwefel Function","true","filename.txt","42","1","10","7","0.5","8"
"2068","None","0.5","filename.txt","1","Best found","0.5","Penalty Method","Constraint 2","F2 Schwefel Function","true","filename.txt","42","1","10","10","0.5","11"
"2069","None","0.5","filename.txt","1","Best found","0.5","Penalty Method","Constraint 2","F2 Schwefel Function","true","filename.txt","42","1","10","9","0.5","10"
"2070","None","0.5","filename.txt","1","Best found","0.5","Penalty Method","Constraint 2","F2 Schwefel Function","true","filename.txt","42","1","10","13","0.5","14"
"2071","None","0.5","filename.txt","1","Best found","0.5","Penalty Method","Constraint 2","F2 Schwefel Function","true","filename.txt","42","1","10","10","0.5","11"
"2073","None","0.5","filename.txt","1","Best found","0.5","Penalty Method","Constraint 2","F2 Schwefel Function","true","filename.txt","42","1","10","6","0.5","7"
"2072","None","0.5","filename.txt","1","Best found","0.5","Penalty Method","Constraint 2","F2 Schwefel Function","true","filename.txt","42","1","10","11","0.5","12"
"2074","None","0.5","filename.txt","1","Best found","0.5","Penalty Method","Constraint 2","F2 Schwefel Function","true","filename.txt","42","1","10","11","0.5","12"
"2075","None","0.5","filename.txt","1","Best found","0.5","Penalty Method","Constraint 2","F2 Schwefel Function","true","filename.txt","42","1","10","9","0.5","10"
"2076","None","0.5","filename.txt","1","Best found","0.5","Penalty Method","Constraint 2","F2 Schwefel Function","true","filename.txt","42","1","10","5","0.5","6"
"2077","None","0.5","filename.txt","1","Best found","0.5","Penalty Method","Constraint 2","F2 Schwefel Function","true","filename.txt","42","1","10","12","0.5","13"
"2078","None","0.5","filename.txt","1","Best found","0.5","Penalty Method","Constraint 2","F2 Schwefel Function","true","filename.txt","42","1","10","9","0.5","10"
"2080","None","0.5","filename.txt","1","Best found","0.5","Penalty Method","Constraint 2","F2 Schwefel Function","true","filename.txt","42","1","10","11","0.5","12"
"2079","None","0.5","filename.txt","1","Best found","0.5","Penalty Method","Constraint 2","F2 Schwefel Function","true","filename.txt","42","1","10","5","0.5","6"
"2081","None","0.5","filename.txt","1","Best found","0.5","Penalty Method","Constraint 2","F2 Schwefel Function","true","filename.txt","42","1","10","12","0.5","13"
"2082","None","0.5","filename.txt","1","Best found","0.5","Penalty Method","Constraint 2","F2 Schwefel Function","true","filename.txt","42","1","10","8","0.5","9"
"2083","None","0.5","filename.txt","1","Best found","0.5","Penalty Method","Constraint 2","F2 Schwefel Function","true","filename.txt","42","1","10","18","0.5","19"
"2084","None","0.5","filename.txt","1","Best found","0.5","Penalty Method","Constraint 2","F2 Schwefel Function","true","filename.txt","42","1","10","14","0.5","15"
"2085","None","0.5","filename.txt","1","Best found","0.5","Penalty Method","Constraint 2","F2 Schwefel Function","true","filename.txt","42","1","10","11","0.5","12"
"2086","None","0.5","filename.txt","1","Best found","0.5","Penalty Method","Constraint 2","F2 Schwefel Function","true","filename.txt","42","1","10","13","0.5","14"
"2087","None","0.5","filename.txt","1","Best found","0.5","Penalty Method","Constraint 2","F2 Schwefel Function","true","filename.txt","42","1","10","10","0.5","11"
"2088","None","0.5","filename.txt","1","Best found","0.5","Penalty Method","Constraint 2","F2 Schwefel Function","true","filename.txt","42","1","10","6","0.5","7"
"2089","None","0.5","filename.txt","1","Best found","0.5","Penalty Method","Constraint 2","F2 Schwefel Function","true","filename.txt","42","1","10","7","0.5","8"
"2090","None","0.5","filename.txt","1","Best found","0.5","Penalty Method","Constraint 2","F2 Schwefel Function","true","filename.txt","42","1","10","9","0.5","10"
"2091","None","0.5","filename.txt","1","Best found","0.5","Penalty Method","Constraint 2","F2 Schwefel Function","true","filename.txt","42","1","10","10","0.5","11"
"2093","None","0.5","filename.txt","1","Best found","0.5","Penalty Method","Constraint 2","F2 Schwefel Function","true","filename.txt","42","1","10","16","0.5","17"
"2092","None","0.5","filename.txt","1","Best found","0.5","Penalty Method","Constraint 2","F2 Schwefel Function","true","filename.txt","42","1","10","14","0.5","15"
"2094","None","0.5","filename.txt","1","Best found","0.5","Penalty Method","Constraint 2","F2 Schwefel Function","true","filename.txt","42","1","10","10","0.5","11"
"2095","None","0.5","filename.txt","1","Best found","0.5","Penalty Method","Constraint 2","F2 Schwefel Function","true","filename.txt","42","1","10","11","0.5","12"
"2096","None","0.5","filename.txt","1","Best found","0.5","Penalty Method","Constraint 2","F2 Schwefel Function","true","filename.txt","42","1","10","13","0.5","14"
"2097","None","0.5","filename.txt","1","Best found","0.5","Penalty Method","Constraint 2","F2 Schwefel Function","true","filename.txt","42","1","10","5","0.5","6"
"2098","None","0.5","filename.txt","1","Best found","0.5","Penalty Method","Constraint 2","F2 Schwefel Function","true","filename.txt","42","1","10","11","0.5","12"
"2099","None","0.5","filename.txt","1","Best found","0.5","Penalty Method","Constraint 2","F2 Schwefel Function","true","filename.txt","42","1","10","7","0.5","8"
"2100","None","0.5","filename.txt","1","Best found","0.5","Penalty Method","Constraint 2","F2 Schwefel Function","true","filename.txt","42","1","10","7","0.5","8"
"2101","None","0.5","filename.txt","1","Best found","0.5","Penalty Method","Constraint 2","F2 Schwefel Function","true","filename.txt","44","1","10","12","0.5","13"
"2103","None","0.5","filename.txt","1","Best found","0.5","Penalty Method","Constraint 2","F2 Schwefel Function","true","filename.txt","44","1","10","10","0.5","11"
"2102","None","0.5","filename.txt","1","Best found","0.5","Penalty Method","Constraint 2","F2 Schwefel Function","true","filename.txt","44","1","10","11","0.5","12"
"2104","None","0.5","filename.txt","1","Best found","0.5","Penalty Method","Constraint 2","F2 Schwefel Function","true","filename.txt","44","1","10","7","0.5","8"
"2105","None","0.5","filename.txt","1","Best found","0.5","Penalty Method","Constraint 2","F2 Schwefel Function","true","filename.txt","44","1","10","8","0.5","9"
"2106","None","0.5","filename.txt","1","Best found","0.5","Penalty Method","Constraint 2","F2 Schwefel Function","true","filename.txt","44","1","10","10","0.5","11"
"2107","None","0.5","filename.txt","1","Best found","0.5","Penalty Method","Constraint 2","F2 Schwefel Function","true","filename.txt","44","1","10","7","0.5","8"
"2108","None","0.5","filename.txt","1","Best found","0.5","Penalty Method","Constraint 2","F2 Schwefel Function","true","filename.txt","44","1","10","6","0.5","7"
"2110","None","0.5","filename.txt","1","Best found","0.5","Penalty Method","Constraint 2","F2 Schwefel Function","true","filename.txt","44","1","10","12","0.5","13"
"2109","None","0.5","filename.txt","1","Best found","0.5","Penalty Method","Constraint 2","F2 Schwefel Function","true","filename.txt","44","1","10","11","0.5","12"
"2111","None","0.5","filename.txt","1","Best found","0.5","Penalty Method","Constraint 2","F2 Schwefel Function","true","filename.txt","44","1","10","11","0.5","12"
"2112","None","0.5","filename.txt","1","Best found","0.5","Penalty Method","Constraint 2","F2 Schwefel Function","true","filename.txt","44","1","10","13","0.5","14"
"2113","None","0.5","filename.txt","1","Best found","0.5","Penalty Method","Constraint 2","F2 Schwefel Function","true","filename.txt","44","1","10","11","0.5","12"
"2114","None","0.5","filename.txt","1","Best found","0.5","Penalty Method","Constraint 2","F2 Schwefel Function","true","filename.txt","44","1","10","13","0.5","14"
"2115","None","0.5","filename.txt","1","Best found","0.5","Penalty Method","Constraint 2","F2 Schwefel Function","true","filename.txt","44","1","10","10","0.5","11"
"2117","None","0.5","filename.txt","1","Best found","0.5","Penalty Method","Constraint 2","F2 Schwefel Function","true","filename.txt","44","1","10","8","0.5","9"
"2118","None","0.5","filename.txt","1","Best found","0.5","Penalty Method","Constraint 2","F2 Schwefel Function","true","filename.txt","44","1","10","7","0.5","8"
"2116","None","0.5","filename.txt","1","Best found","0.5","Penalty Method","Constraint 2","F2 Schwefel Function","true","filename.txt","44","1","10","14","0.5","15"
"2119","None","0.5","filename.txt","1","Best found","0.5","Penalty Method","Constraint 2","F2 Schwefel Function","true","filename.txt","44","1","10","15","0.5","16"
"2120","None","0.5","filename.txt","1","Best found","0.5","Penalty Method","Constraint 2","F2 Schwefel Function","true","filename.txt","44","1","10","8","0.5","9"
"2121","None","0.5","filename.txt","1","Best found","0.5","Penalty Method","Constraint 2","F2 Schwefel Function","true","filename.txt","44","1","10","11","0.5","12"
"2122","None","0.5","filename.txt","1","Best found","0.5","Penalty Method","Constraint 2","F2 Schwefel Function","true","filename.txt","44","1","10","9","0.5","10"
"2123","None","0.5","filename.txt","1","Best found","0.5","Penalty Method","Constraint 2","F2 Schwefel Function","true","filename.txt","44","1","10","9","0.5","10"
"2124","None","0.5","filename.txt","1","Best found","0.5","Penalty Method","Constraint 2","F2 Schwefel Function","true","filename.txt","44","1","10","5","0.5","6"
"2126","None","0.5","filename.txt","1","Best found","0.5","Penalty Method","Constraint 2","F2 Schwefel Function","true","filename.txt","44","1","10","6","0.5","7"
"2125","None","0.5","filename.txt","1","Best found","0.5","Penalty Method","Constraint 2","F2 Schwefel Function","true","filename.txt","44","1","10","10","0.5","11"
"2127","None","0.5","filename.txt","1","Best found","0.5","Penalty Method","Constraint 2","F2 Schwefel Function","true","filename.txt","44","1","10","6","0.5","7"
"2128","None","0.5","filename.txt","1","Best found","0.5","Penalty Method","Constraint 2","F2 Schwefel Function","true","filename.txt","44","1","10","7","0.5","8"
"2129","None","0.5","filename.txt","1","Best found","0.5","Penalty Method","Constraint 2","F2 Schwefel Function","true","filename.txt","44","1","10","2","0.5","3"
"2130","None","0.5","filename.txt","1","Best found","0.5","Penalty Method","Constraint 2","F2 Schwefel Function","true","filename.txt","44","1","10","11","0.5","12"
"2131","None","0.5","filename.txt","1","Best found","0.5","Penalty Method","Constraint 2","F2 Schwefel Function","true","filename.txt","44","1","10","12","0.5","13"
"2132","None","0.5","filename.txt","1","Best found","0.5","Penalty Method","Constraint 2","F2 Schwefel Function","true","filename.txt","44","1","10","4","0.5","5"
"2134","None","0.5","filename.txt","1","Best found","0.5","Penalty Method","Constraint 2","F2 Schwefel Function","true","filename.txt","44","1","10","9","0.5","10"
"2133","None","0.5","filename.txt","1","Best found","0.5","Penalty Method","Constraint 2","F2 Schwefel Function","true","filename.txt","44","1","10","13","0.5","14"
"2135","None","0.5","filename.txt","1","Best found","0.5","Penalty Method","Constraint 2","F2 Schwefel Function","true","filename.txt","44","1","10","10","0.5","11"
"2136","None","0.5","filename.txt","1","Best found","0.5","Penalty Method","Constraint 2","F2 Schwefel Function","true","filename.txt","44","1","10","6","0.5","7"
"2137","None","0.5","filename.txt","1","Best found","0.5","Penalty Method","Constraint 2","F2 Schwefel Function","true","filename.txt","44","1","10","12","0.5","13"
"2138","None","0.5","filename.txt","1","Best found","0.5","Penalty Method","Constraint 2","F2 Schwefel Function","true","filename.txt","44","1","10","8","0.5","9"
"2139","None","0.5","filename.txt","1","Best found","0.5","Penalty Method","Constraint 2","F2 Schwefel Function","true","filename.txt","44","1","10","10","0.5","11"
"2140","None","0.5","filename.txt","1","Best found","0.5","Penalty Method","Constraint 2","F2 Schwefel Function","true","filename.txt","44","1","10","12","0.5","13"
"2141","None","0.5","filename.txt","1","Best found","0.5","Penalty Method","Constraint 2","F2 Schwefel Function","true","filename.txt","44","1","10","10","0.5","11"
"2142","None","0.5","filename.txt","1","Best found","0.5","Penalty Method","Constraint 2","F2 Schwefel Function","true","filename.txt","44","1","10","9","0.5","10"
"2143","None","0.5","filename.txt","1","Best found","0.5","Penalty Method","Constraint 2","F2 Schwefel Function","true","filename.txt","44","1","10","10","0.5","11"
"2144","None","0.5","filename.txt","1","Best found","0.5","Penalty Method","Constraint 2","F2 Schwefel Function","true","filename.txt","44","1","10","10","0.5","11"
"2145","None","0.5","filename.txt","1","Best found","0.5","Penalty Method","Constraint 2","F2 Schwefel Function","true","filename.txt","44","1","10","8","0.5","9"
"2146","None","0.5","filename.txt","1","Best found","0.5","Penalty Method","Constraint 2","F2 Schwefel Function","true","filename.txt","44","1","10","6","0.5","7"
"2147","None","0.5","filename.txt","1","Best found","0.5","Penalty Method","Constraint 2","F2 Schwefel Function","true","filename.txt","44","1","10","5","0.5","6"
"2148","None","0.5","filename.txt","1","Best found","0.5","Penalty Method","Constraint 2","F2 Schwefel Function","true","filename.txt","44","1","10","8","0.5","9"
"2149","None","0.5","filename.txt","1","Best found","0.5","Penalty Method","Constraint 2","F2 Schwefel Function","true","filename.txt","44","1","10","7","0.5","8"
"2150","None","0.5","filename.txt","1","Best found","0.5","Penalty Method","Constraint 2","F2 Schwefel Function","true","filename.txt","44","1","10","10","0.5","11"
"2151","None","0.5","filename.txt","1","Best found","0.5","Penalty Method","Constraint 2","F2 Schwefel Function","true","filename.txt","44","1","10","11","0.5","12"
"2152","None","0.5","filename.txt","1","Best found","0.5","Penalty Method","Constraint 2","F2 Schwefel Function","true","filename.txt","44","1","10","7","0.5","8"
"2153","None","0.5","filename.txt","1","Best found","0.5","Penalty Method","Constraint 2","F2 Schwefel Function","true","filename.txt","44","1","10","13","0.5","14"
"2154","None","0.5","filename.txt","1","Best found","0.5","Penalty Method","Constraint 2","F2 Schwefel Function","true","filename.txt","44","1","10","11","0.5","12"
"2155","None","0.5","filename.txt","1","Best found","0.5","Penalty Method","Constraint 2","F2 Schwefel Function","true","filename.txt","44","1","10","8","0.5","9"
"2156","None","0.5","filename.txt","1","Best found","0.5","Penalty Method","Constraint 2","F2 Schwefel Function","true","filename.txt","44","1","10","11","0.5","12"
"2157","None","0.5","filename.txt","1","Best found","0.5","Penalty Method","Constraint 2","F2 Schwefel Function","true","filename.txt","44","1","10","10","0.5","11"
"2158","None","0.5","filename.txt","1","Best found","0.5","Penalty Method","Constraint 2","F2 Schwefel Function","true","filename.txt","44","1","10","13","0.5","14"
"2159","None","0.5","filename.txt","1","Best found","0.5","Penalty Method","Constraint 2","F2 Schwefel Function","true","filename.txt","44","1","10","8","0.5","9"
"2160","None","0.5","filename.txt","1","Best found","0.5","Penalty Method","Constraint 2","F2 Schwefel Function","true","filename.txt","44","1","10","9","0.5","10"
"2161","None","0.5","filename.txt","1","Best found","0.5","Penalty Method","Constraint 2","F2 Schwefel Function","true","filename.txt","44","1","10","10","0.5","11"
"2162","None","0.5","filename.txt","1","Best found","0.5","Penalty Method","Constraint 2","F2 Schwefel Function","true","filename.txt","44","1","10","6","0.5","7"
"2163","None","0.5","filename.txt","1","Best found","0.5","Penalty Method","Constraint 2","F2 Schwefel Function","true","filename.txt","44","1","10","5","0.5","6"
"2164","None","0.5","filename.txt","1","Best found","0.5","Penalty Method","Constraint 2","F2 Schwefel Function","true","filename.txt","44","1","10","15","0.5","16"
"2165","None","0.5","filename.txt","1","Best found","0.5","Penalty Method","Constraint 2","F2 Schwefel Function","true","filename.txt","44","1","10","9","0.5","10"
"2166","None","0.5","filename.txt","1","Best found","0.5","Penalty Method","Constraint 2","F2 Schwefel Function","true","filename.txt","44","1","10","11","0.5","12"
"2167","None","0.5","filename.txt","1","Best found","0.5","Penalty Method","Constraint 2","F2 Schwefel Function","true","filename.txt","44","1","10","7","0.5","8"
"2168","None","0.5","filename.txt","1","Best found","0.5","Penalty Method","Constraint 2","F2 Schwefel Function","true","filename.txt","44","1","10","10","0.5","11"
"2169","None","0.5","filename.txt","1","Best found","0.5","Penalty Method","Constraint 2","F2 Schwefel Function","true","filename.txt","44","1","10","10","0.5","11"
"2170","None","0.5","filename.txt","1","Best found","0.5","Penalty Method","Constraint 2","F2 Schwefel Function","true","filename.txt","44","1","10","12","0.5","13"
"2171","None","0.5","filename.txt","1","Best found","0.5","Penalty Method","Constraint 2","F2 Schwefel Function","true","filename.txt","44","1","10","12","0.5","13"
"2172","None","0.5","filename.txt","1","Best found","0.5","Penalty Method","Constraint 2","F2 Schwefel Function","true","filename.txt","44","1","10","11","0.5","12"
"2174","None","0.5","filename.txt","1","Best found","0.5","Penalty Method","Constraint 2","F2 Schwefel Function","true","filename.txt","44","1","10","9","0.5","10"
"2173","None","0.5","filename.txt","1","Best found","0.5","Penalty Method","Constraint 2","F2 Schwefel Function","true","filename.txt","44","1","10","6","0.5","7"
"2175","None","0.5","filename.txt","1","Best found","0.5","Penalty Method","Constraint 2","F2 Schwefel Function","true","filename.txt","44","1","10","3","0.5","4"
"2176","None","0.5","filename.txt","1","Best found","0.5","Penalty Method","Constraint 2","F2 Schwefel Function","true","filename.txt","44","1","10","11","0.5","12"
"2177","None","0.5","filename.txt","1","Best found","0.5","Penalty Method","Constraint 2","F2 Schwefel Function","true","filename.txt","44","1","10","15","0.5","16"
"2178","None","0.5","filename.txt","1","Best found","0.5","Penalty Method","Constraint 2","F2 Schwefel Function","true","filename.txt","44","1","10","11","0.5","12"
"2179","None","0.5","filename.txt","1","Best found","0.5","Penalty Method","Constraint 2","F2 Schwefel Function","true","filename.txt","44","1","10","14","0.5","15"
"2180","None","0.5","filename.txt","1","Best found","0.5","Penalty Method","Constraint 2","F2 Schwefel Function","true","filename.txt","44","1","10","10","0.5","11"
"2182","None","0.5","filename.txt","1","Best found","0.5","Penalty Method","Constraint 2","F2 Schwefel Function","true","filename.txt","44","1","10","6","0.5","7"
"2181","None","0.5","filename.txt","1","Best found","0.5","Penalty Method","Constraint 2","F2 Schwefel Function","true","filename.txt","44","1","10","12","0.5","13"
"2183","None","0.5","filename.txt","1","Best found","0.5","Penalty Method","Constraint 2","F2 Schwefel Function","true","filename.txt","44","1","10","13","0.5","14"
"2184","None","0.5","filename.txt","1","Best found","0.5","Penalty Method","Constraint 2","F2 Schwefel Function","true","filename.txt","44","1","10","10","0.5","11"
"2185","None","0.5","filename.txt","1","Best found","0.5","Penalty Method","Constraint 2","F2 Schwefel Function","true","filename.txt","44","1","10","5","0.5","6"
"2186","None","0.5","filename.txt","1","Best found","0.5","Penalty Method","Constraint 2","F2 Schwefel Function","true","filename.txt","44","1","10","11","0.5","12"
"2187","None","0.5","filename.txt","1","Best found","0.5","Penalty Method","Constraint 2","F2 Schwefel Function","true","filename.txt","44","1","10","12","0.5","13"
"2188","None","0.5","filename.txt","1","Best found","0.5","Penalty Method","Constraint 2","F2 Schwefel Function","true","filename.txt","44","1","10","13","0.5","14"
"2190","None","0.5","filename.txt","1","Best found","0.5","Penalty Method","Constraint 2","F2 Schwefel Function","true","filename.txt","44","1","10","7","0.5","8"
"2189","None","0.5","filename.txt","1","Best found","0.5","Penalty Method","Constraint 2","F2 Schwefel Function","true","filename.txt","44","1","10","6","0.5","7"
"2191","None","0.5","filename.txt","1","Best found","0.5","Penalty Method","Constraint 2","F2 Schwefel Function","true","filename.txt","44","1","10","3","0.5","4"
"2192","None","0.5","filename.txt","1","Best found","0.5","Penalty Method","Constraint 2","F2 Schwefel Function","true","filename.txt","44","1","10","9","0.5","10"
"2193","None","0.5","filename.txt","1","Best found","0.5","Penalty Method","Constraint 2","F2 Schwefel Function","true","filename.txt","44","1","10","13","0.5","14"
"2194","None","0.5","filename.txt","1","Best found","0.5","Penalty Method","Constraint 2","F2 Schwefel Function","true","filename.txt","44","1","10","11","0.5","12"
"2195","None","0.5","filename.txt","1","Best found","0.5","Penalty Method","Constraint 2","F2 Schwefel Function","true","filename.txt","44","1","10","4","0.5","5"
"2196","None","0.5","filename.txt","1","Best found","0.5","Penalty Method","Constraint 2","F2 Schwefel Function","true","filename.txt","44","1","10","15","0.5","16"
"2197","None","0.5","filename.txt","1","Best found","0.5","Penalty Method","Constraint 2","F2 Schwefel Function","true","filename.txt","44","1","10","7","0.5","8"
"2198","None","0.5","filename.txt","1","Best found","0.5","Penalty Method","Constraint 2","F2 Schwefel Function","true","filename.txt","44","1","10","10","0.5","11"
"2199","None","0.5","filename.txt","1","Best found","0.5","Penalty Method","Constraint 2","F2 Schwefel Function","true","filename.txt","44","1","10","10","0.5","11"
"2200","None","0.5","filename.txt","1","Best found","0.5","Penalty Method","Constraint 2","F2 Schwefel Function","true","filename.txt","44","1","10","9","0.5","10"
"2201","None","0.5","filename.txt","1","Best found","0.5","Penalty Method","Constraint 2","F2 Schwefel Function","true","filename.txt","46","1","10","7","0.5","8"
"2202","None","0.5","filename.txt","1","Best found","0.5","Penalty Method","Constraint 2","F2 Schwefel Function","true","filename.txt","46","1","10","14","0.5","15"
"2203","None","0.5","filename.txt","1","Best found","0.5","Penalty Method","Constraint 2","F2 Schwefel Function","true","filename.txt","46","1","10","7","0.5","8"
"2204","None","0.5","filename.txt","1","Best found","0.5","Penalty Method","Constraint 2","F2 Schwefel Function","true","filename.txt","46","1","10","14","0.5","15"
"2205","None","0.5","filename.txt","1","Best found","0.5","Penalty Method","Constraint 2","F2 Schwefel Function","true","filename.txt","46","1","10","9","0.5","10"
"2207","None","0.5","filename.txt","1","Best found","0.5","Penalty Method","Constraint 2","F2 Schwefel Function","true","filename.txt","46","1","10","7","0.5","8"
"2206","None","0.5","filename.txt","1","Best found","0.5","Penalty Method","Constraint 2","F2 Schwefel Function","true","filename.txt","46","1","10","14","0.5","15"
"2208","None","0.5","filename.txt","1","Best found","0.5","Penalty Method","Constraint 2","F2 Schwefel Function","true","filename.txt","46","1","10","5","0.5","6"
"2209","None","0.5","filename.txt","1","Best found","0.5","Penalty Method","Constraint 2","F2 Schwefel Function","true","filename.txt","46","1","10","11","0.5","12"
"2210","None","0.5","filename.txt","1","Best found","0.5","Penalty Method","Constraint 2","F2 Schwefel Function","true","filename.txt","46","1","10","10","0.5","11"
"2211","None","0.5","filename.txt","1","Best found","0.5","Penalty Method","Constraint 2","F2 Schwefel Function","true","filename.txt","46","1","10","10","0.5","11"
"2212","None","0.5","filename.txt","1","Best found","0.5","Penalty Method","Constraint 2","F2 Schwefel Function","true","filename.txt","46","1","10","11","0.5","12"
"2213","None","0.5","filename.txt","1","Best found","0.5","Penalty Method","Constraint 2","F2 Schwefel Function","true","filename.txt","46","1","10","4","0.5","5"
"2215","None","0.5","filename.txt","1","Best found","0.5","Penalty Method","Constraint 2","F2 Schwefel Function","true","filename.txt","46","1","10","11","0.5","12"
"2214","None","0.5","filename.txt","1","Best found","0.5","Penalty Method","Constraint 2","F2 Schwefel Function","true","filename.txt","46","1","10","10","0.5","11"
"2216","None","0.5","filename.txt","1","Best found","0.5","Penalty Method","Constraint 2","F2 Schwefel Function","true","filename.txt","46","1","10","8","0.5","9"
"2217","None","0.5","filename.txt","1","Best found","0.5","Penalty Method","Constraint 2","F2 Schwefel Function","true","filename.txt","46","1","10","10","0.5","11"
"2218","None","0.5","filename.txt","1","Best found","0.5","Penalty Method","Constraint 2","F2 Schwefel Function","true","filename.txt","46","1","10","6","0.5","7"
"2219","None","0.5","filename.txt","1","Best found","0.5","Penalty Method","Constraint 2","F2 Schwefel Function","true","filename.txt","46","1","10","12","0.5","13"
"2220","None","0.5","filename.txt","1","Best found","0.5","Penalty Method","Constraint 2","F2 Schwefel Function","true","filename.txt","46","1","10","9","0.5","10"
"2221","None","0.5","filename.txt","1","Best found","0.5","Penalty Method","Constraint 2","F2 Schwefel Function","true","filename.txt","46","1","10","10","0.5","11"
"2223","None","0.5","filename.txt","1","Best found","0.5","Penalty Method","Constraint 2","F2 Schwefel Function","true","filename.txt","46","1","10","11","0.5","12"
"2222","None","0.5","filename.txt","1","Best found","0.5","Penalty Method","Constraint 2","F2 Schwefel Function","true","filename.txt","46","1","10","9","0.5","10"
"2224","None","0.5","filename.txt","1","Best found","0.5","Penalty Method","Constraint 2","F2 Schwefel Function","true","filename.txt","46","1","10","8","0.5","9"
"2225","None","0.5","filename.txt","1","Best found","0.5","Penalty Method","Constraint 2","F2 Schwefel Function","true","filename.txt","46","1","10","5","0.5","6"
"2226","None","0.5","filename.txt","1","Best found","0.5","Penalty Method","Constraint 2","F2 Schwefel Function","true","filename.txt","46","1","10","9","0.5","10"
"2227","None","0.5","filename.txt","1","Best found","0.5","Penalty Method","Constraint 2","F2 Schwefel Function","true","filename.txt","46","1","10","11","0.5","12"
"2228","None","0.5","filename.txt","1","Best found","0.5","Penalty Method","Constraint 2","F2 Schwefel Function","true","filename.txt","46","1","10","7","0.5","8"
"2230","None","0.5","filename.txt","1","Best found","0.5","Penalty Method","Constraint 2","F2 Schwefel Function","true","filename.txt","46","1","10","2","0.5","3"
"2229","None","0.5","filename.txt","1","Best found","0.5","Penalty Method","Constraint 2","F2 Schwefel Function","true","filename.txt","46","1","10","9","0.5","10"
"2231","None","0.5","filename.txt","1","Best found","0.5","Penalty Method","Constraint 2","F2 Schwefel Function","true","filename.txt","46","1","10","9","0.5","10"
"2232","None","0.5","filename.txt","1","Best found","0.5","Penalty Method","Constraint 2","F2 Schwefel Function","true","filename.txt","46","1","10","11","0.5","12"
"2233","None","0.5","filename.txt","1","Best found","0.5","Penalty Method","Constraint 2","F2 Schwefel Function","true","filename.txt","46","1","10","3","0.5","4"
"2234","None","0.5","filename.txt","1","Best found","0.5","Penalty Method","Constraint 2","F2 Schwefel Function","true","filename.txt","46","1","10","7","0.5","8"
"2235","None","0.5","filename.txt","1","Best found","0.5","Penalty Method","Constraint 2","F2 Schwefel Function","true","filename.txt","46","1","10","17","0.5","18"
"2236","None","0.5","filename.txt","1","Best found","0.5","Penalty Method","Constraint 2","F2 Schwefel Function","true","filename.txt","46","1","10","13","0.5","14"
"2238","None","0.5","filename.txt","1","Best found","0.5","Penalty Method","Constraint 2","F2 Schwefel Function","true","filename.txt","46","1","10","10","0.5","11"
"2237","None","0.5","filename.txt","1","Best found","0.5","Penalty Method","Constraint 2","F2 Schwefel Function","true","filename.txt","46","1","10","10","0.5","11"
"2239","None","0.5","filename.txt","1","Best found","0.5","Penalty Method","Constraint 2","F2 Schwefel Function","true","filename.txt","46","1","10","12","0.5","13"
"2240","None","0.5","filename.txt","1","Best found","0.5","Penalty Method","Constraint 2","F2 Schwefel Function","true","filename.txt","46","1","10","10","0.5","11"
"2241","None","0.5","filename.txt","1","Best found","0.5","Penalty Method","Constraint 2","F2 Schwefel Function","true","filename.txt","46","1","10","10","0.5","11"
"2242","None","0.5","filename.txt","1","Best found","0.5","Penalty Method","Constraint 2","F2 Schwefel Function","true","filename.txt","46","1","10","10","0.5","11"
"2244","None","0.5","filename.txt","1","Best found","0.5","Penalty Method","Constraint 2","F2 Schwefel Function","true","filename.txt","46","1","10","8","0.5","9"
"2243","None","0.5","filename.txt","1","Best found","0.5","Penalty Method","Constraint 2","F2 Schwefel Function","true","filename.txt","46","1","10","7","0.5","8"
"2245","None","0.5","filename.txt","1","Best found","0.5","Penalty Method","Constraint 2","F2 Schwefel Function","true","filename.txt","46","1","10","11","0.5","12"
"2246","None","0.5","filename.txt","1","Best found","0.5","Penalty Method","Constraint 2","F2 Schwefel Function","true","filename.txt","46","1","10","12","0.5","13"
"2247","None","0.5","filename.txt","1","Best found","0.5","Penalty Method","Constraint 2","F2 Schwefel Function","true","filename.txt","46","1","10","6","0.5","7"
"2249","None","0.5","filename.txt","1","Best found","0.5","Penalty Method","Constraint 2","F2 Schwefel Function","true","filename.txt","46","1","10","12","0.5","13"
"2248","None","0.5","filename.txt","1","Best found","0.5","Penalty Method","Constraint 2","F2 Schwefel Function","true","filename.txt","46","1","10","9","0.5","10"
"2250","None","0.5","filename.txt","1","Best found","0.5","Penalty Method","Constraint 2","F2 Schwefel Function","true","filename.txt","46","1","10","9","0.5","10"
"2251","None","0.5","filename.txt","1","Best found","0.5","Penalty Method","Constraint 2","F2 Schwefel Function","true","filename.txt","46","1","10","9","0.5","10"
"2252","None","0.5","filename.txt","1","Best found","0.5","Penalty Method","Constraint 2","F2 Schwefel Function","true","filename.txt","46","1","10","10","0.5","11"
"2253","None","0.5","filename.txt","1","Best found","0.5","Penalty Method","Constraint 2","F2 Schwefel Function","true","filename.txt","46","1","10","13","0.5","14"
"2254","None","0.5","filename.txt","1","Best found","0.5","Penalty Method","Constraint 2","F2 Schwefel Function","true","filename.txt","46","1","10","2","0.5","3"
"2255","None","0.5","filename.txt","1","Best found","0.5","Penalty Method","Constraint 2","F2 Schwefel Function","true","filename.txt","46","1","10","7","0.5","8"
"2257","None","0.5","filename.txt","1","Best found","0.5","Penalty Method","Constraint 2","F2 Schwefel Function","true","filename.txt","46","1","10","10","0.5","11"
"2256","None","0.5","filename.txt","1","Best found","0.5","Penalty Method","Constraint 2","F2 Schwefel Function","true","filename.txt","46","1","10","10","0.5","11"
"2258","None","0.5","filename.txt","1","Best found","0.5","Penalty Method","Constraint 2","F2 Schwefel Function","true","filename.txt","46","1","10","9","0.5","10"
"2259","None","0.5","filename.txt","1","Best found","0.5","Penalty Method","Constraint 2","F2 Schwefel Function","true","filename.txt","46","1","10","10","0.5","11"
"2260","None","0.5","filename.txt","1","Best found","0.5","Penalty Method","Constraint 2","F2 Schwefel Function","true","filename.txt","46","1","10","10","0.5","11"
"2261","None","0.5","filename.txt","1","Best found","0.5","Penalty Method","Constraint 2","F2 Schwefel Function","true","filename.txt","46","1","10","10","0.5","11"
"2262","None","0.5","filename.txt","1","Best found","0.5","Penalty Method","Constraint 2","F2 Schwefel Function","true","filename.txt","46","1","10","10","0.5","11"
"2263","None","0.5","filename.txt","1","Best found","0.5","Penalty Method","Constraint 2","F2 Schwefel Function","true","filename.txt","46","1","10","11","0.5","12"
"2264","None","0.5","filename.txt","1","Best found","0.5","Penalty Method","Constraint 2","F2 Schwefel Function","true","filename.txt","46","1","10","6","0.5","7"
"2265","None","0.5","filename.txt","1","Best found","0.5","Penalty Method","Constraint 2","F2 Schwefel Function","true","filename.txt","46","1","10","11","0.5","12"
"2266","None","0.5","filename.txt","1","Best found","0.5","Penalty Method","Constraint 2","F2 Schwefel Function","true","filename.txt","46","1","10","3","0.5","4"
"2267","None","0.5","filename.txt","1","Best found","0.5","Penalty Method","Constraint 2","F2 Schwefel Function","true","filename.txt","46","1","10","9","0.5","10"
"2268","None","0.5","filename.txt","1","Best found","0.5","Penalty Method","Constraint 2","F2 Schwefel Function","true","filename.txt","46","1","10","10","0.5","11"
"2269","None","0.5","filename.txt","1","Best found","0.5","Penalty Method","Constraint 2","F2 Schwefel Function","true","filename.txt","46","1","10","5","0.5","6"
"2270","None","0.5","filename.txt","1","Best found","0.5","Penalty Method","Constraint 2","F2 Schwefel Function","true","filename.txt","46","1","10","10","0.5","11"
"2271","None","0.5","filename.txt","1","Best found","0.5","Penalty Method","Constraint 2","F2 Schwefel Function","true","filename.txt","46","1","10","9","0.5","10"
"2272","None","0.5","filename.txt","1","Best found","0.5","Penalty Method","Constraint 2","F2 Schwefel Function","true","filename.txt","46","1","10","12","0.5","13"
"2273","None","0.5","filename.txt","1","Best found","0.5","Penalty Method","Constraint 2","F2 Schwefel Function","true","filename.txt","46","1","10","600","0.49949604594188285","600"
"2274","None","0.5","filename.txt","1","Best found","0.5","Penalty Method","Constraint 2","F2 Schwefel Function","true","filename.txt","46","1","10","2","0.5","3"
"2275","None","0.5","filename.txt","1","Best found","0.5","Penalty Method","Constraint 2","F2 Schwefel Function","true","filename.txt","46","1","10","8","0.5","9"
"2276","None","0.5","filename.txt","1","Best found","0.5","Penalty Method","Constraint 2","F2 Schwefel Function","true","filename.txt","46","1","10","6","0.5","7"
"2277","None","0.5","filename.txt","1","Best found","0.5","Penalty Method","Constraint 2","F2 Schwefel Function","true","filename.txt","46","1","10","5","0.5","6"
"2278","None","0.5","filename.txt","1","Best found","0.5","Penalty Method","Constraint 2","F2 Schwefel Function","true","filename.txt","46","1","10","7","0.5","8"
"2279","None","0.5","filename.txt","1","Best found","0.5","Penalty Method","Constraint 2","F2 Schwefel Function","true","filename.txt","46","1","10","10","0.5","11"
"2280","None","0.5","filename.txt","1","Best found","0.5","Penalty Method","Constraint 2","F2 Schwefel Function","true","filename.txt","46","1","10","12","0.5","13"
"2281","None","0.5","filename.txt","1","Best found","0.5","Penalty Method","Constraint 2","F2 Schwefel Function","true","filename.txt","46","1","10","14","0.5","15"
"2282","None","0.5","filename.txt","1","Best found","0.5","Penalty Method","Constraint 2","F2 Schwefel Function","true","filename.txt","46","1","10","4","0.5","5"
"2283","None","0.5","filename.txt","1","Best found","0.5","Penalty Method","Constraint 2","F2 Schwefel Function","true","filename.txt","46","1","10","12","0.5","13"
"2284","None","0.5","filename.txt","1","Best found","0.5","Penalty Method","Constraint 2","F2 Schwefel Function","true","filename.txt","46","1","10","11","0.5","12"
"2285","None","0.5","filename.txt","1","Best found","0.5","Penalty Method","Constraint 2","F2 Schwefel Function","true","filename.txt","46","1","10","10","0.5","11"
"2286","None","0.5","filename.txt","1","Best found","0.5","Penalty Method","Constraint 2","F2 Schwefel Function","true","filename.txt","46","1","10","5","0.5","6"
"2287","None","0.5","filename.txt","1","Best found","0.5","Penalty Method","Constraint 2","F2 Schwefel Function","true","filename.txt","46","1","10","11","0.5","12"
"2288","None","0.5","filename.txt","1","Best found","0.5","Penalty Method","Constraint 2","F2 Schwefel Function","true","filename.txt","46","1","10","10","0.5","11"
"2289","None","0.5","filename.txt","1","Best found","0.5","Penalty Method","Constraint 2","F2 Schwefel Function","true","filename.txt","46","1","10","8","0.5","9"
"2291","None","0.5","filename.txt","1","Best found","0.5","Penalty Method","Constraint 2","F2 Schwefel Function","true","filename.txt","46","1","10","12","0.5","13"
"2290","None","0.5","filename.txt","1","Best found","0.5","Penalty Method","Constraint 2","F2 Schwefel Function","true","filename.txt","46","1","10","12","0.5","13"
"2292","None","0.5","filename.txt","1","Best found","0.5","Penalty Method","Constraint 2","F2 Schwefel Function","true","filename.txt","46","1","10","10","0.5","11"
"2293","None","0.5","filename.txt","1","Best found","0.5","Penalty Method","Constraint 2","F2 Schwefel Function","true","filename.txt","46","1","10","10","0.5","11"
"2294","None","0.5","filename.txt","1","Best found","0.5","Penalty Method","Constraint 2","F2 Schwefel Function","true","filename.txt","46","1","10","12","0.5","13"
"2295","None","0.5","filename.txt","1","Best found","0.5","Penalty Method","Constraint 2","F2 Schwefel Function","true","filename.txt","46","1","10","10","0.5","11"
"2296","None","0.5","filename.txt","1","Best found","0.5","Penalty Method","Constraint 2","F2 Schwefel Function","true","filename.txt","46","1","10","9","0.5","10"
"2297","None","0.5","filename.txt","1","Best found","0.5","Penalty Method","Constraint 2","F2 Schwefel Function","true","filename.txt","46","1","10","12","0.5","13"
"2298","None","0.5","filename.txt","1","Best found","0.5","Penalty Method","Constraint 2","F2 Schwefel Function","true","filename.txt","46","1","10","8","0.5","9"
"2299","None","0.5","filename.txt","1","Best found","0.5","Penalty Method","Constraint 2","F2 Schwefel Function","true","filename.txt","46","1","10","8","0.5","9"
"2300","None","0.5","filename.txt","1","Best found","0.5","Penalty Method","Constraint 2","F2 Schwefel Function","true","filename.txt","46","1","10","12","0.5","13"
"2301","None","0.5","filename.txt","1","Best found","0.5","Penalty Method","Constraint 2","F2 Schwefel Function","true","filename.txt","48","1","10","8","0.5","9"
"2303","None","0.5","filename.txt","1","Best found","0.5","Penalty Method","Constraint 2","F2 Schwefel Function","true","filename.txt","48","1","10","0","0.5","1"
"2302","None","0.5","filename.txt","1","Best found","0.5","Penalty Method","Constraint 2","F2 Schwefel Function","true","filename.txt","48","1","10","7","0.5","8"
"2304","None","0.5","filename.txt","1","Best found","0.5","Penalty Method","Constraint 2","F2 Schwefel Function","true","filename.txt","48","1","10","5","0.5","6"
"2305","None","0.5","filename.txt","1","Best found","0.5","Penalty Method","Constraint 2","F2 Schwefel Function","true","filename.txt","48","1","10","3","0.5","4"
"2306","None","0.5","filename.txt","1","Best found","0.5","Penalty Method","Constraint 2","F2 Schwefel Function","true","filename.txt","48","1","10","10","0.5","11"
"2307","None","0.5","filename.txt","1","Best found","0.5","Penalty Method","Constraint 2","F2 Schwefel Function","true","filename.txt","48","1","10","10","0.5","11"
"2308","None","0.5","filename.txt","1","Best found","0.5","Penalty Method","Constraint 2","F2 Schwefel Function","true","filename.txt","48","1","10","11","0.5","12"
"2309","None","0.5","filename.txt","1","Best found","0.5","Penalty Method","Constraint 2","F2 Schwefel Function","true","filename.txt","48","1","10","9","0.5","10"
"2310","None","0.5","filename.txt","1","Best found","0.5","Penalty Method","Constraint 2","F2 Schwefel Function","true","filename.txt","48","1","10","8","0.5","9"
"2311","None","0.5","filename.txt","1","Best found","0.5","Penalty Method","Constraint 2","F2 Schwefel Function","true","filename.txt","48","1","10","16","0.5","17"
"2312","None","0.5","filename.txt","1","Best found","0.5","Penalty Method","Constraint 2","F2 Schwefel Function","true","filename.txt","48","1","10","9","0.5","10"
"2314","None","0.5","filename.txt","1","Best found","0.5","Penalty Method","Constraint 2","F2 Schwefel Function","true","filename.txt","48","1","10","9","0.5","10"
"2313","None","0.5","filename.txt","1","Best found","0.5","Penalty Method","Constraint 2","F2 Schwefel Function","true","filename.txt","48","1","10","8","0.5","9"
"2315","None","0.5","filename.txt","1","Best found","0.5","Penalty Method","Constraint 2","F2 Schwefel Function","true","filename.txt","48","1","10","7","0.5","8"
"2316","None","0.5","filename.txt","1","Best found","0.5","Penalty Method","Constraint 2","F2 Schwefel Function","true","filename.txt","48","1","10","10","0.5","11"
"2317","None","0.5","filename.txt","1","Best found","0.5","Penalty Method","Constraint 2","F2 Schwefel Function","true","filename.txt","48","1","10","5","0.5","6"
"2318","None","0.5","filename.txt","1","Best found","0.5","Penalty Method","Constraint 2","F2 Schwefel Function","true","filename.txt","48","1","10","5","0.5","6"
"2319","None","0.5","filename.txt","1","Best found","0.5","Penalty Method","Constraint 2","F2 Schwefel Function","true","filename.txt","48","1","10","7","0.5","8"
"2320","None","0.5","filename.txt","1","Best found","0.5","Penalty Method","Constraint 2","F2 Schwefel Function","true","filename.txt","48","1","10","8","0.5","9"
"2322","None","0.5","filename.txt","1","Best found","0.5","Penalty Method","Constraint 2","F2 Schwefel Function","true","filename.txt","48","1","10","9","0.5","10"
"2321","None","0.5","filename.txt","1","Best found","0.5","Penalty Method","Constraint 2","F2 Schwefel Function","true","filename.txt","48","1","10","10","0.5","11"
"2323","None","0.5","filename.txt","1","Best found","0.5","Penalty Method","Constraint 2","F2 Schwefel Function","true","filename.txt","48","1","10","8","0.5","9"
"2324","None","0.5","filename.txt","1","Best found","0.5","Penalty Method","Constraint 2","F2 Schwefel Function","true","filename.txt","48","1","10","14","0.5","15"
"2325","None","0.5","filename.txt","1","Best found","0.5","Penalty Method","Constraint 2","F2 Schwefel Function","true","filename.txt","48","1","10","6","0.5","7"
"2326","None","0.5","filename.txt","1","Best found","0.5","Penalty Method","Constraint 2","F2 Schwefel Function","true","filename.txt","48","1","10","11","0.5","12"
"2327","None","0.5","filename.txt","1","Best found","0.5","Penalty Method","Constraint 2","F2 Schwefel Function","true","filename.txt","48","1","10","9","0.5","10"
"2328","None","0.5","filename.txt","1","Best found","0.5","Penalty Method","Constraint 2","F2 Schwefel Function","true","filename.txt","48","1","10","12","0.5","13"
"2330","None","0.5","filename.txt","1","Best found","0.5","Penalty Method","Constraint 2","F2 Schwefel Function","true","filename.txt","48","1","10","13","0.5","14"
"2329","None","0.5","filename.txt","1","Best found","0.5","Penalty Method","Constraint 2","F2 Schwefel Function","true","filename.txt","48","1","10","12","0.5","13"
"2331","None","0.5","filename.txt","1","Best found","0.5","Penalty Method","Constraint 2","F2 Schwefel Function","true","filename.txt","48","1","10","10","0.5","11"
"2332","None","0.5","filename.txt","1","Best found","0.5","Penalty Method","Constraint 2","F2 Schwefel Function","true","filename.txt","48","1","10","10","0.5","11"
"2333","None","0.5","filename.txt","1","Best found","0.5","Penalty Method","Constraint 2","F2 Schwefel Function","true","filename.txt","48","1","10","6","0.5","7"
"2335","None","0.5","filename.txt","1","Best found","0.5","Penalty Method","Constraint 2","F2 Schwefel Function","true","filename.txt","48","1","10","8","0.5","9"
"2334","None","0.5","filename.txt","1","Best found","0.5","Penalty Method","Constraint 2","F2 Schwefel Function","true","filename.txt","48","1","10","10","0.5","11"
"2336","None","0.5","filename.txt","1","Best found","0.5","Penalty Method","Constraint 2","F2 Schwefel Function","true","filename.txt","48","1","10","8","0.5","9"
"2337","None","0.5","filename.txt","1","Best found","0.5","Penalty Method","Constraint 2","F2 Schwefel Function","true","filename.txt","48","1","10","9","0.5","10"
"2338","None","0.5","filename.txt","1","Best found","0.5","Penalty Method","Constraint 2","F2 Schwefel Function","true","filename.txt","48","1","10","8","0.5","9"
"2339","None","0.5","filename.txt","1","Best found","0.5","Penalty Method","Constraint 2","F2 Schwefel Function","true","filename.txt","48","1","10","9","0.5","10"
"2340","None","0.5","filename.txt","1","Best found","0.5","Penalty Method","Constraint 2","F2 Schwefel Function","true","filename.txt","48","1","10","11","0.5","12"
"2341","None","0.5","filename.txt","1","Best found","0.5","Penalty Method","Constraint 2","F2 Schwefel Function","true","filename.txt","48","1","10","8","0.5","9"
"2343","None","0.5","filename.txt","1","Best found","0.5","Penalty Method","Constraint 2","F2 Schwefel Function","true","filename.txt","48","1","10","7","0.5","8"
"2342","None","0.5","filename.txt","1","Best found","0.5","Penalty Method","Constraint 2","F2 Schwefel Function","true","filename.txt","48","1","10","8","0.5","9"
"2344","None","0.5","filename.txt","1","Best found","0.5","Penalty Method","Constraint 2","F2 Schwefel Function","true","filename.txt","48","1","10","15","0.5","16"
"2345","None","0.5","filename.txt","1","Best found","0.5","Penalty Method","Constraint 2","F2 Schwefel Function","true","filename.txt","48","1","10","8","0.5","9"
"2346","None","0.5","filename.txt","1","Best found","0.5","Penalty Method","Constraint 2","F2 Schwefel Function","true","filename.txt","48","1","10","12","0.5","13"
"2348","None","0.5","filename.txt","1","Best found","0.5","Penalty Method","Constraint 2","F2 Schwefel Function","true","filename.txt","48","1","10","14","0.5","15"
"2347","None","0.5","filename.txt","1","Best found","0.5","Penalty Method","Constraint 2","F2 Schwefel Function","true","filename.txt","48","1","10","12","0.5","13"
"2350","None","0.5","filename.txt","1","Best found","0.5","Penalty Method","Constraint 2","F2 Schwefel Function","true","filename.txt","48","1","10","9","0.5","10"
"2349","None","0.5","filename.txt","1","Best found","0.5","Penalty Method","Constraint 2","F2 Schwefel Function","true","filename.txt","48","1","10","10","0.5","11"
"2351","None","0.5","filename.txt","1","Best found","0.5","Penalty Method","Constraint 2","F2 Schwefel Function","true","filename.txt","48","1","10","9","0.5","10"
"2352","None","0.5","filename.txt","1","Best found","0.5","Penalty Method","Constraint 2","F2 Schwefel Function","true","filename.txt","48","1","10","10","0.5","11"
"2353","None","0.5","filename.txt","1","Best found","0.5","Penalty Method","Constraint 2","F2 Schwefel Function","true","filename.txt","48","1","10","10","0.5","11"
"2355","None","0.5","filename.txt","1","Best found","0.5","Penalty Method","Constraint 2","F2 Schwefel Function","true","filename.txt","48","1","10","14","0.5","15"
"2354","None","0.5","filename.txt","1","Best found","0.5","Penalty Method","Constraint 2","F2 Schwefel Function","true","filename.txt","48","1","10","12","0.5","13"
"2356","None","0.5","filename.txt","1","Best found","0.5","Penalty Method","Constraint 2","F2 Schwefel Function","true","filename.txt","48","1","10","7","0.5","8"
"2359","None","0.5","filename.txt","1","Best found","0.5","Penalty Method","Constraint 2","F2 Schwefel Function","true","filename.txt","48","1","10","8","0.5","9"
"2357","None","0.5","filename.txt","1","Best found","0.5","Penalty Method","Constraint 2","F2 Schwefel Function","true","filename.txt","48","1","10","11","0.5","12"
"2358","None","0.5","filename.txt","1","Best found","0.5","Penalty Method","Constraint 2","F2 Schwefel Function","true","filename.txt","48","1","10","7","0.5","8"
"2360","None","0.5","filename.txt","1","Best found","0.5","Penalty Method","Constraint 2","F2 Schwefel Function","true","filename.txt","48","1","10","5","0.5","6"
"2361","None","0.5","filename.txt","1","Best found","0.5","Penalty Method","Constraint 2","F2 Schwefel Function","true","filename.txt","48","1","10","10","0.5","11"
"2363","None","0.5","filename.txt","1","Best found","0.5","Penalty Method","Constraint 2","F2 Schwefel Function","true","filename.txt","48","1","10","7","0.5","8"
"2362","None","0.5","filename.txt","1","Best found","0.5","Penalty Method","Constraint 2","F2 Schwefel Function","true","filename.txt","48","1","10","12","0.5","13"
"2364","None","0.5","filename.txt","1","Best found","0.5","Penalty Method","Constraint 2","F2 Schwefel Function","true","filename.txt","48","1","10","10","0.5","11"
"2365","None","0.5","filename.txt","1","Best found","0.5","Penalty Method","Constraint 2","F2 Schwefel Function","true","filename.txt","48","1","10","11","0.5","12"
"2366","None","0.5","filename.txt","1","Best found","0.5","Penalty Method","Constraint 2","F2 Schwefel Function","true","filename.txt","48","1","10","10","0.5","11"
"2367","None","0.5","filename.txt","1","Best found","0.5","Penalty Method","Constraint 2","F2 Schwefel Function","true","filename.txt","48","1","10","9","0.5","10"
"2368","None","0.5","filename.txt","1","Best found","0.5","Penalty Method","Constraint 2","F2 Schwefel Function","true","filename.txt","48","1","10","9","0.5","10"
"2369","None","0.5","filename.txt","1","Best found","0.5","Penalty Method","Constraint 2","F2 Schwefel Function","true","filename.txt","48","1","10","9","0.5","10"
"2371","None","0.5","filename.txt","1","Best found","0.5","Penalty Method","Constraint 2","F2 Schwefel Function","true","filename.txt","48","1","10","10","0.5","11"
"2370","None","0.5","filename.txt","1","Best found","0.5","Penalty Method","Constraint 2","F2 Schwefel Function","true","filename.txt","48","1","10","8","0.5","9"
"2372","None","0.5","filename.txt","1","Best found","0.5","Penalty Method","Constraint 2","F2 Schwefel Function","true","filename.txt","48","1","10","12","0.5","13"
"2374","None","0.5","filename.txt","1","Best found","0.5","Penalty Method","Constraint 2","F2 Schwefel Function","true","filename.txt","48","1","10","12","0.5","13"
"2373","None","0.5","filename.txt","1","Best found","0.5","Penalty Method","Constraint 2","F2 Schwefel Function","true","filename.txt","48","1","10","13","0.5","14"
"2375","None","0.5","filename.txt","1","Best found","0.5","Penalty Method","Constraint 2","F2 Schwefel Function","true","filename.txt","48","1","10","7","0.5","8"
"2376","None","0.5","filename.txt","1","Best found","0.5","Penalty Method","Constraint 2","F2 Schwefel Function","true","filename.txt","48","1","10","7","0.5","8"
"2377","None","0.5","filename.txt","1","Best found","0.5","Penalty Method","Constraint 2","F2 Schwefel Function","true","filename.txt","48","1","10","10","0.5","11"
"2378","None","0.5","filename.txt","1","Best found","0.5","Penalty Method","Constraint 2","F2 Schwefel Function","true","filename.txt","48","1","10","11","0.5","12"
"2379","None","0.5","filename.txt","1","Best found","0.5","Penalty Method","Constraint 2","F2 Schwefel Function","true","filename.txt","48","1","10","10","0.5","11"
"2380","None","0.5","filename.txt","1","Best found","0.5","Penalty Method","Constraint 2","F2 Schwefel Function","true","filename.txt","48","1","10","5","0.5","6"
"2381","None","0.5","filename.txt","1","Best found","0.5","Penalty Method","Constraint 2","F2 Schwefel Function","true","filename.txt","48","1","10","7","0.5","8"
"2382","None","0.5","filename.txt","1","Best found","0.5","Penalty Method","Constraint 2","F2 Schwefel Function","true","filename.txt","48","1","10","9","0.5","10"
"2383","None","0.5","filename.txt","1","Best found","0.5","Penalty Method","Constraint 2","F2 Schwefel Function","true","filename.txt","48","1","10","7","0.5","8"
"2384","None","0.5","filename.txt","1","Best found","0.5","Penalty Method","Constraint 2","F2 Schwefel Function","true","filename.txt","48","1","10","8","0.5","9"
"2385","None","0.5","filename.txt","1","Best found","0.5","Penalty Method","Constraint 2","F2 Schwefel Function","true","filename.txt","48","1","10","7","0.5","8"
"2386","None","0.5","filename.txt","1","Best found","0.5","Penalty Method","Constraint 2","F2 Schwefel Function","true","filename.txt","48","1","10","11","0.5","12"
"2387","None","0.5","filename.txt","1","Best found","0.5","Penalty Method","Constraint 2","F2 Schwefel Function","true","filename.txt","48","1","10","7","0.5","8"
"2388","None","0.5","filename.txt","1","Best found","0.5","Penalty Method","Constraint 2","F2 Schwefel Function","true","filename.txt","48","1","10","8","0.5","9"
"2389","None","0.5","filename.txt","1","Best found","0.5","Penalty Method","Constraint 2","F2 Schwefel Function","true","filename.txt","48","1","10","8","0.5","9"
"2390","None","0.5","filename.txt","1","Best found","0.5","Penalty Method","Constraint 2","F2 Schwefel Function","true","filename.txt","48","1","10","8","0.5","9"
"2391","None","0.5","filename.txt","1","Best found","0.5","Penalty Method","Constraint 2","F2 Schwefel Function","true","filename.txt","48","1","10","9","0.5","10"
"2392","None","0.5","filename.txt","1","Best found","0.5","Penalty Method","Constraint 2","F2 Schwefel Function","true","filename.txt","48","1","10","6","0.5","7"
"2393","None","0.5","filename.txt","1","Best found","0.5","Penalty Method","Constraint 2","F2 Schwefel Function","true","filename.txt","48","1","10","7","0.5","8"
"2394","None","0.5","filename.txt","1","Best found","0.5","Penalty Method","Constraint 2","F2 Schwefel Function","true","filename.txt","48","1","10","8","0.5","9"
"2395","None","0.5","filename.txt","1","Best found","0.5","Penalty Method","Constraint 2","F2 Schwefel Function","true","filename.txt","48","1","10","12","0.5","13"
"2396","None","0.5","filename.txt","1","Best found","0.5","Penalty Method","Constraint 2","F2 Schwefel Function","true","filename.txt","48","1","10","9","0.5","10"
"2397","None","0.5","filename.txt","1","Best found","0.5","Penalty Method","Constraint 2","F2 Schwefel Function","true","filename.txt","48","1","10","10","0.5","11"
"2398","None","0.5","filename.txt","1","Best found","0.5","Penalty Method","Constraint 2","F2 Schwefel Function","true","filename.txt","48","1","10","6","0.5","7"
"2399","None","0.5","filename.txt","1","Best found","0.5","Penalty Method","Constraint 2","F2 Schwefel Function","true","filename.txt","48","1","10","6","0.5","7"
"2400","None","0.5","filename.txt","1","Best found","0.5","Penalty Method","Constraint 2","F2 Schwefel Function","true","filename.txt","48","1","10","8","0.5","9"
"2401","None","0.5","filename.txt","1","Best found","0.5","Penalty Method","Constraint 2","F2 Schwefel Function","true","filename.txt","50","1","10","9","0.5","10"
"2402","None","0.5","filename.txt","1","Best found","0.5","Penalty Method","Constraint 2","F2 Schwefel Function","true","filename.txt","50","1","10","5","0.5","6"
"2403","None","0.5","filename.txt","1","Best found","0.5","Penalty Method","Constraint 2","F2 Schwefel Function","true","filename.txt","50","1","10","8","0.5","9"
"2404","None","0.5","filename.txt","1","Best found","0.5","Penalty Method","Constraint 2","F2 Schwefel Function","true","filename.txt","50","1","10","6","0.5","7"
"2405","None","0.5","filename.txt","1","Best found","0.5","Penalty Method","Constraint 2","F2 Schwefel Function","true","filename.txt","50","1","10","10","0.5","11"
"2406","None","0.5","filename.txt","1","Best found","0.5","Penalty Method","Constraint 2","F2 Schwefel Function","true","filename.txt","50","1","10","12","0.5","13"
"2407","None","0.5","filename.txt","1","Best found","0.5","Penalty Method","Constraint 2","F2 Schwefel Function","true","filename.txt","50","1","10","11","0.5","12"
"2408","None","0.5","filename.txt","1","Best found","0.5","Penalty Method","Constraint 2","F2 Schwefel Function","true","filename.txt","50","1","10","5","0.5","6"
"2409","None","0.5","filename.txt","1","Best found","0.5","Penalty Method","Constraint 2","F2 Schwefel Function","true","filename.txt","50","1","10","11","0.5","12"
"2410","None","0.5","filename.txt","1","Best found","0.5","Penalty Method","Constraint 2","F2 Schwefel Function","true","filename.txt","50","1","10","12","0.5","13"
"2411","None","0.5","filename.txt","1","Best found","0.5","Penalty Method","Constraint 2","F2 Schwefel Function","true","filename.txt","50","1","10","7","0.5","8"
"2412","None","0.5","filename.txt","1","Best found","0.5","Penalty Method","Constraint 2","F2 Schwefel Function","true","filename.txt","50","1","10","8","0.5","9"
"2413","None","0.5","filename.txt","1","Best found","0.5","Penalty Method","Constraint 2","F2 Schwefel Function","true","filename.txt","50","1","10","15","0.5","16"
"2414","None","0.5","filename.txt","1","Best found","0.5","Penalty Method","Constraint 2","F2 Schwefel Function","true","filename.txt","50","1","10","6","0.5","7"
"2415","None","0.5","filename.txt","1","Best found","0.5","Penalty Method","Constraint 2","F2 Schwefel Function","true","filename.txt","50","1","10","9","0.5","10"
"2416","None","0.5","filename.txt","1","Best found","0.5","Penalty Method","Constraint 2","F2 Schwefel Function","true","filename.txt","50","1","10","9","0.5","10"
"2417","None","0.5","filename.txt","1","Best found","0.5","Penalty Method","Constraint 2","F2 Schwefel Function","true","filename.txt","50","1","10","9","0.5","10"
"2418","None","0.5","filename.txt","1","Best found","0.5","Penalty Method","Constraint 2","F2 Schwefel Function","true","filename.txt","50","1","10","8","0.5","9"
"2419","None","0.5","filename.txt","1","Best found","0.5","Penalty Method","Constraint 2","F2 Schwefel Function","true","filename.txt","50","1","10","12","0.5","13"
"2420","None","0.5","filename.txt","1","Best found","0.5","Penalty Method","Constraint 2","F2 Schwefel Function","true","filename.txt","50","1","10","7","0.5","8"
"2421","None","0.5","filename.txt","1","Best found","0.5","Penalty Method","Constraint 2","F2 Schwefel Function","true","filename.txt","50","1","10","8","0.5","9"
"2422","None","0.5","filename.txt","1","Best found","0.5","Penalty Method","Constraint 2","F2 Schwefel Function","true","filename.txt","50","1","10","3","0.5","4"
"2423","None","0.5","filename.txt","1","Best found","0.5","Penalty Method","Constraint 2","F2 Schwefel Function","true","filename.txt","50","1","10","12","0.5","13"
"2424","None","0.5","filename.txt","1","Best found","0.5","Penalty Method","Constraint 2","F2 Schwefel Function","true","filename.txt","50","1","10","9","0.5","10"
"2425","None","0.5","filename.txt","1","Best found","0.5","Penalty Method","Constraint 2","F2 Schwefel Function","true","filename.txt","50","1","10","13","0.5","14"
"2426","None","0.5","filename.txt","1","Best found","0.5","Penalty Method","Constraint 2","F2 Schwefel Function","true","filename.txt","50","1","10","7","0.5","8"
"2427","None","0.5","filename.txt","1","Best found","0.5","Penalty Method","Constraint 2","F2 Schwefel Function","true","filename.txt","50","1","10","7","0.5","8"
"2428","None","0.5","filename.txt","1","Best found","0.5","Penalty Method","Constraint 2","F2 Schwefel Function","true","filename.txt","50","1","10","5","0.5","6"
"2429","None","0.5","filename.txt","1","Best found","0.5","Penalty Method","Constraint 2","F2 Schwefel Function","true","filename.txt","50","1","10","8","0.5","9"
"2430","None","0.5","filename.txt","1","Best found","0.5","Penalty Method","Constraint 2","F2 Schwefel Function","true","filename.txt","50","1","10","10","0.5","11"
"2431","None","0.5","filename.txt","1","Best found","0.5","Penalty Method","Constraint 2","F2 Schwefel Function","true","filename.txt","50","1","10","14","0.5","15"
"2432","None","0.5","filename.txt","1","Best found","0.5","Penalty Method","Constraint 2","F2 Schwefel Function","true","filename.txt","50","1","10","12","0.5","13"
"2433","None","0.5","filename.txt","1","Best found","0.5","Penalty Method","Constraint 2","F2 Schwefel Function","true","filename.txt","50","1","10","11","0.5","12"
"2434","None","0.5","filename.txt","1","Best found","0.5","Penalty Method","Constraint 2","F2 Schwefel Function","true","filename.txt","50","1","10","8","0.5","9"
"2435","None","0.5","filename.txt","1","Best found","0.5","Penalty Method","Constraint 2","F2 Schwefel Function","true","filename.txt","50","1","10","5","0.5","6"
"2436","None","0.5","filename.txt","1","Best found","0.5","Penalty Method","Constraint 2","F2 Schwefel Function","true","filename.txt","50","1","10","10","0.5","11"
"2437","None","0.5","filename.txt","1","Best found","0.5","Penalty Method","Constraint 2","F2 Schwefel Function","true","filename.txt","50","1","10","6","0.5","7"
"2438","None","0.5","filename.txt","1","Best found","0.5","Penalty Method","Constraint 2","F2 Schwefel Function","true","filename.txt","50","1","10","5","0.5","6"
"2439","None","0.5","filename.txt","1","Best found","0.5","Penalty Method","Constraint 2","F2 Schwefel Function","true","filename.txt","50","1","10","5","0.5","6"
"2440","None","0.5","filename.txt","1","Best found","0.5","Penalty Method","Constraint 2","F2 Schwefel Function","true","filename.txt","50","1","10","10","0.5","11"
"2441","None","0.5","filename.txt","1","Best found","0.5","Penalty Method","Constraint 2","F2 Schwefel Function","true","filename.txt","50","1","10","9","0.5","10"
"2442","None","0.5","filename.txt","1","Best found","0.5","Penalty Method","Constraint 2","F2 Schwefel Function","true","filename.txt","50","1","10","5","0.5","6"
"2443","None","0.5","filename.txt","1","Best found","0.5","Penalty Method","Constraint 2","F2 Schwefel Function","true","filename.txt","50","1","10","6","0.5","7"
"2444","None","0.5","filename.txt","1","Best found","0.5","Penalty Method","Constraint 2","F2 Schwefel Function","true","filename.txt","50","1","10","12","0.5","13"
"2446","None","0.5","filename.txt","1","Best found","0.5","Penalty Method","Constraint 2","F2 Schwefel Function","true","filename.txt","50","1","10","11","0.5","12"
"2445","None","0.5","filename.txt","1","Best found","0.5","Penalty Method","Constraint 2","F2 Schwefel Function","true","filename.txt","50","1","10","5","0.5","6"
"2447","None","0.5","filename.txt","1","Best found","0.5","Penalty Method","Constraint 2","F2 Schwefel Function","true","filename.txt","50","1","10","12","0.5","13"
"2449","None","0.5","filename.txt","1","Best found","0.5","Penalty Method","Constraint 2","F2 Schwefel Function","true","filename.txt","50","1","10","5","0.5","6"
"2448","None","0.5","filename.txt","1","Best found","0.5","Penalty Method","Constraint 2","F2 Schwefel Function","true","filename.txt","50","1","10","11","0.5","12"
"2451","None","0.5","filename.txt","1","Best found","0.5","Penalty Method","Constraint 2","F2 Schwefel Function","true","filename.txt","50","1","10","9","0.5","10"
"2450","None","0.5","filename.txt","1","Best found","0.5","Penalty Method","Constraint 2","F2 Schwefel Function","true","filename.txt","50","1","10","10","0.5","11"
"2452","None","0.5","filename.txt","1","Best found","0.5","Penalty Method","Constraint 2","F2 Schwefel Function","true","filename.txt","50","1","10","10","0.5","11"
"2454","None","0.5","filename.txt","1","Best found","0.5","Penalty Method","Constraint 2","F2 Schwefel Function","true","filename.txt","50","1","10","8","0.5","9"
"2453","None","0.5","filename.txt","1","Best found","0.5","Penalty Method","Constraint 2","F2 Schwefel Function","true","filename.txt","50","1","10","13","0.5","14"
"2455","None","0.5","filename.txt","1","Best found","0.5","Penalty Method","Constraint 2","F2 Schwefel Function","true","filename.txt","50","1","10","11","0.5","12"
"2456","None","0.5","filename.txt","1","Best found","0.5","Penalty Method","Constraint 2","F2 Schwefel Function","true","filename.txt","50","1","10","8","0.5","9"
"2457","None","0.5","filename.txt","1","Best found","0.5","Penalty Method","Constraint 2","F2 Schwefel Function","true","filename.txt","50","1","10","10","0.5","11"
"2459","None","0.5","filename.txt","1","Best found","0.5","Penalty Method","Constraint 2","F2 Schwefel Function","true","filename.txt","50","1","10","10","0.5","11"
"2458","None","0.5","filename.txt","1","Best found","0.5","Penalty Method","Constraint 2","F2 Schwefel Function","true","filename.txt","50","1","10","6","0.5","7"
"2460","None","0.5","filename.txt","1","Best found","0.5","Penalty Method","Constraint 2","F2 Schwefel Function","true","filename.txt","50","1","10","11","0.5","12"
"2462","None","0.5","filename.txt","1","Best found","0.5","Penalty Method","Constraint 2","F2 Schwefel Function","true","filename.txt","50","1","10","8","0.5","9"
"2461","None","0.5","filename.txt","1","Best found","0.5","Penalty Method","Constraint 2","F2 Schwefel Function","true","filename.txt","50","1","10","9","0.5","10"
"2463","None","0.5","filename.txt","1","Best found","0.5","Penalty Method","Constraint 2","F2 Schwefel Function","true","filename.txt","50","1","10","5","0.5","6"
"2464","None","0.5","filename.txt","1","Best found","0.5","Penalty Method","Constraint 2","F2 Schwefel Function","true","filename.txt","50","1","10","12","0.5","13"
"2465","None","0.5","filename.txt","1","Best found","0.5","Penalty Method","Constraint 2","F2 Schwefel Function","true","filename.txt","50","1","10","10","0.5","11"
"2467","None","0.5","filename.txt","1","Best found","0.5","Penalty Method","Constraint 2","F2 Schwefel Function","true","filename.txt","50","1","10","6","0.5","7"
"2466","None","0.5","filename.txt","1","Best found","0.5","Penalty Method","Constraint 2","F2 Schwefel Function","true","filename.txt","50","1","10","4","0.5","5"
"2468","None","0.5","filename.txt","1","Best found","0.5","Penalty Method","Constraint 2","F2 Schwefel Function","true","filename.txt","50","1","10","6","0.5","7"
"2469","None","0.5","filename.txt","1","Best found","0.5","Penalty Method","Constraint 2","F2 Schwefel Function","true","filename.txt","50","1","10","11","0.5","12"
"2470","None","0.5","filename.txt","1","Best found","0.5","Penalty Method","Constraint 2","F2 Schwefel Function","true","filename.txt","50","1","10","9","0.5","10"
"2471","None","0.5","filename.txt","1","Best found","0.5","Penalty Method","Constraint 2","F2 Schwefel Function","true","filename.txt","50","1","10","8","0.5","9"
"2472","None","0.5","filename.txt","1","Best found","0.5","Penalty Method","Constraint 2","F2 Schwefel Function","true","filename.txt","50","1","10","9","0.5","10"
"2473","None","0.5","filename.txt","1","Best found","0.5","Penalty Method","Constraint 2","F2 Schwefel Function","true","filename.txt","50","1","10","14","0.5","15"
"2475","None","0.5","filename.txt","1","Best found","0.5","Penalty Method","Constraint 2","F2 Schwefel Function","true","filename.txt","50","1","10","10","0.5","11"
"2474","None","0.5","filename.txt","1","Best found","0.5","Penalty Method","Constraint 2","F2 Schwefel Function","true","filename.txt","50","1","10","6","0.5","7"
"2476","None","0.5","filename.txt","1","Best found","0.5","Penalty Method","Constraint 2","F2 Schwefel Function","true","filename.txt","50","1","10","12","0.5","13"
"2477","None","0.5","filename.txt","1","Best found","0.5","Penalty Method","Constraint 2","F2 Schwefel Function","true","filename.txt","50","1","10","8","0.5","9"
"2478","None","0.5","filename.txt","1","Best found","0.5","Penalty Method","Constraint 2","F2 Schwefel Function","true","filename.txt","50","1","10","11","0.5","12"
"2479","None","0.5","filename.txt","1","Best found","0.5","Penalty Method","Constraint 2","F2 Schwefel Function","true","filename.txt","50","1","10","11","0.5","12"
"2480","None","0.5","filename.txt","1","Best found","0.5","Penalty Method","Constraint 2","F2 Schwefel Function","true","filename.txt","50","1","10","8","0.5","9"
"2481","None","0.5","filename.txt","1","Best found","0.5","Penalty Method","Constraint 2","F2 Schwefel Function","true","filename.txt","50","1","10","8","0.5","9"
"2482","None","0.5","filename.txt","1","Best found","0.5","Penalty Method","Constraint 2","F2 Schwefel Function","true","filename.txt","50","1","10","3","0.5","4"
"2483","None","0.5","filename.txt","1","Best found","0.5","Penalty Method","Constraint 2","F2 Schwefel Function","true","filename.txt","50","1","10","7","0.5","8"
"2484","None","0.5","filename.txt","1","Best found","0.5","Penalty Method","Constraint 2","F2 Schwefel Function","true","filename.txt","50","1","10","7","0.5","8"
"2485","None","0.5","filename.txt","1","Best found","0.5","Penalty Method","Constraint 2","F2 Schwefel Function","true","filename.txt","50","1","10","11","0.5","12"
"2486","None","0.5","filename.txt","1","Best found","0.5","Penalty Method","Constraint 2","F2 Schwefel Function","true","filename.txt","50","1","10","10","0.5","11"
"2487","None","0.5","filename.txt","1","Best found","0.5","Penalty Method","Constraint 2","F2 Schwefel Function","true","filename.txt","50","1","10","5","0.5","6"
"2488","None","0.5","filename.txt","1","Best found","0.5","Penalty Method","Constraint 2","F2 Schwefel Function","true","filename.txt","50","1","10","10","0.5","11"
"2489","None","0.5","filename.txt","1","Best found","0.5","Penalty Method","Constraint 2","F2 Schwefel Function","true","filename.txt","50","1","10","12","0.5","13"
"2491","None","0.5","filename.txt","1","Best found","0.5","Penalty Method","Constraint 2","F2 Schwefel Function","true","filename.txt","50","1","10","15","0.5","16"
"2490","None","0.5","filename.txt","1","Best found","0.5","Penalty Method","Constraint 2","F2 Schwefel Function","true","filename.txt","50","1","10","9","0.5","10"
"2492","None","0.5","filename.txt","1","Best found","0.5","Penalty Method","Constraint 2","F2 Schwefel Function","true","filename.txt","50","1","10","15","0.5","16"
"2493","None","0.5","filename.txt","1","Best found","0.5","Penalty Method","Constraint 2","F2 Schwefel Function","true","filename.txt","50","1","10","5","0.5","6"
"2494","None","0.5","filename.txt","1","Best found","0.5","Penalty Method","Constraint 2","F2 Schwefel Function","true","filename.txt","50","1","10","11","0.5","12"
"2495","None","0.5","filename.txt","1","Best found","0.5","Penalty Method","Constraint 2","F2 Schwefel Function","true","filename.txt","50","1","10","6","0.5","7"
"2496","None","0.5","filename.txt","1","Best found","0.5","Penalty Method","Constraint 2","F2 Schwefel Function","true","filename.txt","50","1","10","7","0.5","8"
"2497","None","0.5","filename.txt","1","Best found","0.5","Penalty Method","Constraint 2","F2 Schwefel Function","true","filename.txt","50","1","10","11","0.5","12"
"2498","None","0.5","filename.txt","1","Best found","0.5","Penalty Method","Constraint 2","F2 Schwefel Function","true","filename.txt","50","1","10","12","0.5","13"
"2500","None","0.5","filename.txt","1","Best found","0.5","Penalty Method","Constraint 2","F2 Schwefel Function","true","filename.txt","50","1","10","10","0.5","11"
"2499","None","0.5","filename.txt","1","Best found","0.5","Penalty Method","Constraint 2","F2 Schwefel Function","true","filename.txt","50","1","10","9","0.5","10"
